inst16 = {
    'm': 20,
    'n': 47,
    'l': [100, 200, 210, 300, 200, 210, 100, 200, 300, 200, 200, 100, 300, 190, 200, 100, 300, 190, 100, 300],
    's': [12, 8, 16, 5, 12, 5, 13, 20, 13, 18, 7, 6, 9, 9, 4, 25, 5, 17, 3, 16, 25, 21, 14, 19, 14, 6, 16, 9, 20, 13, 10, 16, 19, 22, 14, 10, 11, 15, 13, 15, 8, 22, 24, 3, 25, 19, 21],
    'min_dist': 12,
    'max_dist': 6054,
    'min_solu': 286,
    'time': 29,
    'at_least_one': 1,
    'min_load': 3,
    'max_load': 300,
    'distances': [[0, 59, 135, 21, 41, 132, 75, 48, 88, 102, 109, 101, 81, 15, 78, 24, 96, 67, 80, 30, 103, 87, 56, 93, 73, 49, 125, 15, 36, 76, 56, 68, 50, 98, 85, 37, 81, 106, 79, 121, 53, 127, 96, 68, 108, 158, 93, 62], [59, 0, 82, 79, 98, 79, 50, 104, 33, 58, 56, 42, 137, 61, 22, 56, 82, 58, 137, 88, 44, 75, 27, 34, 32, 46, 103, 57, 92, 17, 27, 25, 108, 49, 33, 28, 43, 48, 23, 64, 47, 72, 40, 25, 64, 103, 34, 33], [135, 82, 0, 125, 176, 3, 61, 183, 62, 33, 26, 123, 216, 121, 103, 134, 162, 137, 122, 165, 125, 50, 106, 115, 112, 124, 24, 120, 171, 98, 79, 67, 185, 38, 51, 98, 54, 128, 88, 145, 83, 70, 98, 67, 27, 100, 114, 74], [21, 79, 125, 0, 55, 122, 64, 59, 78, 92, 99, 121, 92, 18, 98, 45, 117, 88, 59, 41, 123, 76, 76, 113, 93, 70, 114, 22, 47, 96, 53, 58, 61, 87, 75, 51, 71, 127, 87, 142, 42, 117, 98, 58, 98, 148, 113, 52], [41, 98, 176, 55, 0, 173, 116, 11, 129, 143, 150, 118, 40, 56, 76, 43, 65, 40, 113, 40, 128, 128, 71, 122, 66, 53, 166, 56, 15, 99, 97, 109, 49, 139, 126, 78, 122, 107, 120, 90, 94, 168, 137, 109, 149, 199, 117, 103], [132, 79, 3, 122, 173, 0, 58, 180, 60, 30, 23, 121, 213, 118, 100, 131, 159, 134, 119, 162, 123, 47, 103, 113, 109, 121, 26, 117, 168, 96, 76, 64, 182, 35, 48, 95, 51, 126, 86, 143, 80, 67, 96, 64, 24, 98, 112, 71], [75, 50, 61, 64, 116, 58, 0, 123, 32, 28, 35, 92, 156, 60, 71, 74, 102, 77, 87, 105, 94, 25, 50, 84, 66, 64, 53, 60, 111, 67, 23, 26, 125, 23, 18, 38, 8, 98, 58, 114, 22, 53, 68, 26, 34, 84, 84, 17], [48, 104, 183, 59, 11, 180, 123, 0, 136, 150, 157, 124, 33, 63, 82, 49, 76, 47, 103, 30, 134, 135, 78, 128, 72, 59, 173, 63, 12, 105, 104, 116, 39, 146, 133, 85, 129, 113, 126, 101, 101, 175, 143, 116, 156, 206, 123, 110], [88, 33, 62, 78, 129, 60, 32, 136, 0, 39, 37, 61, 169, 74, 55, 87, 115, 90, 119, 118, 63, 57, 59, 53, 65, 77, 84, 73, 124, 36, 32, 20, 138, 30, 14, 51, 24, 66, 26, 83, 37, 39, 36, 20, 45, 70, 52, 27], [102, 58, 33, 92, 143, 30, 28, 150, 39, 0, 7, 100, 183, 88, 79, 101, 129, 104, 89, 132, 102, 18, 73, 92, 79, 91, 45, 87, 138, 75, 46, 34, 152, 9, 25, 65, 21, 105, 65, 122, 50, 47, 75, 34, 6, 78, 91, 41], [109, 56, 26, 99, 150, 23, 35, 157, 37, 7, 0, 98, 190, 95, 77, 108, 136, 111, 96, 139, 100, 24, 80, 90, 86, 98, 48, 94, 145, 73, 53, 41, 159, 12, 25, 72, 28, 103, 63, 120, 57, 44, 73, 41, 9, 75, 89, 48], [101, 42, 123, 121, 118, 121, 92, 124, 61, 100, 98, 0, 157, 103, 42, 78, 102, 78, 179, 110, 11, 117, 47, 8, 52, 66, 145, 99, 112, 26, 69, 67, 128, 91, 75, 70, 85, 11, 35, 35, 89, 55, 25, 67, 106, 83, 9, 75], [81, 137, 216, 92, 40, 213, 156, 33, 169, 183, 190, 157, 0, 96, 115, 82, 87, 80, 97, 51, 167, 168, 111, 161, 105, 92, 206, 96, 45, 138, 137, 149, 31, 179, 166, 118, 162, 146, 159, 123, 134, 208, 176, 149, 189, 239, 156, 143], [15, 61, 121, 18, 56, 118, 60, 63, 74, 88, 95, 103, 96, 0, 80, 27, 99, 70, 77, 45, 105, 72, 58, 95, 75, 52, 110, 4, 51, 78, 42, 54, 65, 83, 71, 33, 67, 109, 69, 124, 38, 113, 83, 54, 94, 144, 95, 48], [78, 22, 103, 98, 76, 100, 71, 82, 55, 79, 77, 42, 115, 80, 0, 54, 60, 36, 157, 86, 52, 96, 22, 46, 10, 29, 124, 76, 70, 23, 48, 45, 96, 70, 54, 47, 63, 31, 44, 44, 68, 93, 61, 45, 85, 124, 41, 54], [24, 56, 134, 45, 43, 131, 74, 49, 87, 101, 108, 78, 82, 27, 54, 0, 72, 43, 104, 32, 86, 86, 32, 80, 49, 25, 124, 23, 37, 57, 55, 67, 52, 97, 84, 36, 80, 82, 78, 97, 52, 126, 95, 67, 107, 157, 75, 61], [96, 82, 162, 117, 65, 159, 102, 76, 115, 129, 136, 102, 87, 99, 60, 72, 0, 29, 176, 104, 112, 117, 56, 106, 50, 47, 153, 95, 80, 83, 83, 95, 114, 125, 112, 67, 108, 91, 104, 67, 88, 153, 121, 95, 135, 184, 101, 89], [67, 58, 137, 88, 40, 134, 77, 47, 90, 104, 111, 78, 80, 70, 36, 43, 29, 0, 147, 75, 88, 89, 31, 82, 26, 18, 127, 66, 51, 59, 58, 70, 85, 100, 87, 39, 83, 67, 80, 54, 59, 129, 97, 70, 110, 160, 77, 64], [80, 137, 122, 59, 113, 119, 87, 103, 119, 89, 96, 179, 97, 77, 157, 104, 176, 147, 0, 73, 181, 72, 135, 171, 152, 129, 110, 81, 98, 154, 110, 113, 66, 89, 105, 110, 95, 185, 145, 201, 91, 127, 155, 113, 95, 158, 171, 104], [30, 88, 165, 41, 40, 162, 105, 30, 118, 132, 139, 110, 51, 45, 86, 32, 104, 75, 73, 0, 118, 117, 64, 112, 81, 57, 155, 45, 25, 89, 86, 98, 20, 128, 115, 67, 111, 114, 109, 129, 83, 157, 126, 98, 138, 188, 107, 92]]
}