inst02 = {
    'm': 6,
    'n': 9,
    'l': [190, 185, 185, 190, 195, 185],
    's': [11, 11, 23, 16, 2, 1, 24, 14, 20],
    'min_dist': 64,
    'max_dist': 1175,
    'min_solu': 226,
    'time': 5,
    'at_least_one': 1,
    'min_load': 1,
    'max_load': 97,
    'distances': [[0, 199, 119, 28, 179, 77, 145, 61, 123, 87], [199, 0, 81, 206, 38, 122, 55, 138, 76, 113], [119, 81, 0, 126, 69, 121, 26, 117, 91, 32], [28, 206, 126, 0, 186, 84, 152, 68, 130, 94], [169, 38, 79, 176, 0, 92, 58, 108, 46, 98], [77, 122, 121, 84, 102, 0, 100, 16, 46, 96]]
}