inst14 = {
    'm': 20,
    'n': 215,
    'l': [200, 180, 160, 185, 180, 180, 200, 160, 180, 185, 200, 160, 175, 180, 160, 200, 180, 175, 160, 200],
    's': [3, 16, 8, 15, 12, 13, 8, 24, 14, 17, 8, 11, 8, 17, 19, 13, 2, 8, 21, 13, 17, 4, 22, 24, 11, 6, 19, 11, 23, 4, 5, 16, 2, 13, 11, 9, 18, 7, 24, 5, 2, 5, 5, 3, 13, 2, 10, 12, 24, 21, 18, 5, 15, 11, 7, 3, 17, 14, 14, 7, 12, 5, 11, 17, 3, 7, 13, 20, 13, 4, 3, 24, 23, 21, 23, 10, 21, 24, 9, 22, 3, 6, 11, 10, 15, 9, 20, 19, 19, 19, 20, 1, 15, 18, 2, 25, 20, 18, 8, 3, 2, 15, 21, 6, 24, 19, 23, 16, 16, 9, 1, 10, 14, 11, 4, 23, 23, 22, 11, 14, 12, 13, 11, 9, 6, 25, 21, 13, 23, 8, 7, 8, 9, 2, 24, 7, 23, 21, 12, 23, 18, 5, 15, 11, 8, 2, 6, 23, 9, 1, 12, 17, 2, 5, 1, 20, 19, 13, 10, 9, 14, 4, 20, 17, 19, 19, 16, 4, 1, 21, 9, 2, 24, 1, 21, 13, 15, 4, 10, 19, 1, 25, 3, 21, 7, 18, 3, 1, 2, 8, 10, 19, 17, 19, 24, 24, 6, 2, 7, 10, 13, 20, 1, 17, 17, 16, 9, 25, 1, 23, 10, 15, 25, 25, 16],
    'min_dist': 20,
    'max_dist': 15570,
    'min_solu': 332,
    'time': 58,
    'at_least_one': 1,
    'min_load': 1,
    'max_load': 200,
    'distances': [[0, 81, 75, 30, 162, 25, 188, 190, 113, 134, 46, 48, 73, 33, 64, 165, 183, 2, 127, 33, 189, 131, 46, 104, 154, 54, 107, 93, 79, 60, 198, 18, 140, 151, 199, 78, 69, 74, 58, 93, 22, 98, 22, 163, 72, 131, 67, 151, 203, 189, 153, 62, 130, 120, 108, 53, 193, 85, 63, 71, 139, 111, 72, 59, 129, 105, 64, 48, 245, 98, 150, 138, 161, 179, 159, 185, 12, 42, 73, 58, 105, 43, 59, 200, 190, 71, 143, 27, 133, 104, 160, 142, 207, 61, 14, 180, 169, 74, 97, 86, 84, 185, 90, 49, 50, 84, 231, 160, 167, 68, 136, 108, 134, 154, 54, 156, 48, 177, 50, 42, 164, 165, 75, 28, 124, 54, 156, 198, 141, 18, 163, 127, 56, 142, 37, 131, 45, 116, 59, 58, 26, 89, 9, 70, 146, 58, 46, 172, 36, 60, 62, 46, 82, 139, 164, 182, 61, 54, 105, 208, 75, 23, 54, 115, 175, 112, 63, 63, 70, 160, 51, 70, 127, 67, 134, 132, 37, 82, 131, 68, 160, 235, 141, 61, 156, 43, 145, 136, 185, 71, 88, 91, 88, 22, 218, 157, 149, 62, 54, 169, 163, 43, 117, 138, 22, 138, 154, 195, 37, 102, 130, 149, 110, 40, 158, 103], [81, 0, 19, 91, 86, 94, 161, 114, 73, 196, 112, 115, 97, 87, 59, 92, 107, 81, 87, 75, 113, 52, 60, 28, 136, 121, 120, 157, 77, 90, 122, 99, 135, 73, 124, 64, 126, 134, 62, 148, 90, 41, 80, 85, 137, 116, 57, 75, 127, 113, 77, 128, 100, 113, 173, 28, 117, 35, 70, 57, 59, 154, 136, 62, 89, 169, 76, 101, 169, 159, 74, 154, 86, 103, 83, 111, 93, 39, 41, 123, 73, 111, 119, 124, 125, 80, 104, 97, 58, 115, 225, 130, 131, 125, 91, 104, 93, 130, 160, 141, 81, 109, 21, 113, 65, 149, 155, 87, 91, 67, 101, 172, 78, 78, 119, 80, 39, 104, 97, 62, 94, 89, 73, 95, 89, 114, 93, 125, 205, 67, 87, 49, 112, 66, 102, 55, 112, 66, 115, 96, 88, 126, 74, 122, 70, 115, 98, 96, 101, 77, 105, 112, 74, 93, 88, 107, 119, 108, 165, 132, 95, 90, 118, 72, 99, 105, 84, 144, 96, 84, 117, 73, 52, 102, 58, 106, 102, 109, 82, 67, 84, 159, 65, 122, 78, 112, 78, 80, 109, 89, 103, 115, 131, 103, 142, 79, 74, 126, 118, 93, 87, 109, 106, 86, 89, 92, 79, 119, 104, 137, 127, 73, 174, 59, 82, 83], [75, 19, 0, 72, 91, 75, 143, 119, 55, 177, 93, 96, 78, 81, 53, 96, 112, 75, 69, 69, 118, 58, 41, 31, 118, 102, 101, 138, 58, 71, 127, 93, 117, 79, 129, 45, 107, 115, 43, 129, 71, 25, 61, 91, 118, 98, 38, 80, 132, 118, 82, 109, 82, 95, 154, 22, 122, 16, 51, 51, 65, 135, 117, 43, 71, 150, 57, 82, 174, 140, 79, 135, 91, 108, 88, 116, 87, 33, 22, 104, 54, 92, 100, 129, 121, 61, 86, 91, 62, 96, 206, 112, 136, 106, 85, 109, 98, 111, 141, 122, 62, 114, 40, 94, 46, 130, 160, 91, 96, 48, 83, 153, 64, 83, 100, 85, 33, 108, 78, 43, 95, 94, 54, 76, 71, 95, 87, 129, 186, 61, 92, 55, 93, 71, 83, 60, 93, 48, 96, 77, 82, 107, 66, 103, 75, 96, 92, 101, 82, 58, 86, 93, 55, 75, 93, 112, 100, 89, 146, 137, 76, 71, 99, 54, 104, 87, 65, 138, 77, 89, 98, 54, 56, 83, 63, 88, 83, 90, 64, 48, 89, 164, 70, 103, 84, 96, 75, 66, 114, 70, 84, 96, 112, 97, 147, 85, 79, 107, 99, 98, 92, 90, 88, 69, 70, 74, 84, 124, 85, 118, 109, 78, 155, 40, 87, 65], [30, 91, 72, 0, 132, 30, 158, 161, 84, 108, 21, 29, 43, 59, 90, 135, 154, 30, 98, 59, 160, 102, 31, 75, 124, 30, 77, 67, 50, 30, 169, 48, 110, 122, 169, 49, 39, 46, 31, 63, 21, 69, 12, 134, 47, 101, 38, 122, 174, 160, 124, 37, 100, 90, 83, 72, 164, 57, 34, 96, 111, 81, 46, 30, 100, 79, 35, 18, 216, 71, 121, 108, 131, 150, 130, 155, 42, 59, 51, 33, 76, 43, 31, 171, 160, 41, 113, 46, 104, 74, 135, 112, 178, 35, 40, 151, 140, 44, 71, 56, 55, 156, 112, 23, 26, 59, 202, 130, 138, 39, 106, 82, 105, 125, 29, 127, 72, 147, 20, 30, 134, 136, 46, 21, 95, 25, 126, 168, 115, 44, 134, 98, 26, 113, 11, 102, 32, 87, 29, 28, 52, 59, 21, 40, 117, 28, 72, 143, 10, 30, 32, 21, 53, 109, 135, 152, 32, 24, 78, 179, 45, 21, 28, 86, 146, 82, 33, 93, 40, 131, 26, 41, 98, 37, 105, 102, 11, 52, 102, 39, 131, 206, 112, 34, 127, 51, 116, 107, 155, 41, 58, 61, 58, 52, 189, 128, 120, 36, 28, 140, 134, 18, 87, 109, 20, 108, 125, 166, 23, 72, 100, 120, 84, 33, 129, 74], [162, 86, 91, 132, 0, 161, 87, 47, 49, 125, 146, 160, 89, 168, 144, 15, 54, 162, 35, 156, 29, 69, 116, 61, 63, 155, 57, 106, 83, 103, 38, 180, 62, 66, 43, 85, 95, 92, 104, 78, 152, 66, 140, 67, 134, 43, 97, 20, 43, 37, 18, 139, 33, 45, 122, 113, 33, 79, 99, 142, 89, 83, 119, 103, 33, 101, 99, 114, 85, 89, 25, 81, 8, 19, 28, 26, 174, 124, 92, 129, 57, 173, 106, 40, 49, 92, 30, 177, 30, 59, 154, 57, 47, 124, 171, 42, 26, 90, 95, 80, 78, 25, 94, 124, 112, 140, 71, 11, 7, 94, 29, 103, 28, 23, 131, 31, 124, 27, 113, 120, 18, 5, 87, 152, 38, 110, 17, 48, 136, 148, 6, 47, 107, 23, 129, 31, 162, 46, 104, 105, 169, 74, 153, 93, 21, 106, 179, 12, 131, 104, 100, 137, 80, 23, 32, 21, 104, 109, 94, 48, 88, 152, 124, 47, 32, 50, 100, 224, 93, 11, 150, 93, 35, 95, 28, 34, 129, 80, 31, 94, 26, 75, 21, 105, 71, 181, 18, 26, 23, 92, 75, 71, 76, 184, 58, 81, 13, 116, 124, 22, 23, 141, 45, 25, 151, 24, 8, 35, 153, 67, 54, 38, 105, 122, 15, 59], [25, 94, 75, 30, 161, 0, 187, 189, 112, 113, 21, 23, 72, 58, 89, 164, 182, 27, 126, 58, 188, 130, 45, 103, 153, 29, 106, 70, 78, 59, 197, 27, 139, 150, 198, 77, 67, 71, 57, 91, 9, 97, 21, 162, 47, 130, 66, 150, 202, 188, 152, 37, 129, 119, 83, 74, 192, 84, 62, 96, 138, 110, 49, 58, 128, 82, 63, 47, 244, 90, 149, 137, 160, 178, 158, 184, 22, 61, 72, 35, 104, 18, 56, 199, 189, 70, 142, 16, 132, 103, 135, 141, 206, 38, 11, 179, 168, 72, 74, 84, 83, 184, 114, 38, 49, 59, 230, 159, 166, 67, 135, 84, 133, 153, 31, 155, 73, 176, 49, 41, 163, 164, 74, 9, 123, 52, 155, 197, 116, 43, 162, 126, 55, 141, 32, 130, 21, 115, 58, 57, 51, 88, 20, 69, 145, 57, 71, 171, 30, 59, 61, 25, 81, 138, 163, 181, 58, 53, 101, 207, 74, 9, 38, 114, 174, 111, 62, 64, 69, 159, 26, 69, 126, 66, 133, 131, 32, 81, 130, 67, 159, 234, 140, 57, 155, 21, 144, 135, 184, 70, 87, 90, 87, 23, 217, 156, 148, 46, 38, 168, 162, 20, 116, 137, 10, 137, 153, 194, 12, 101, 129, 148, 86, 40, 157, 102], [188, 161, 143, 158, 87, 187, 0, 134, 88, 81, 172, 186, 115, 194, 172, 72, 141, 188, 74, 182, 72, 156, 142, 133, 35, 181, 82, 132, 109, 129, 82, 206, 50, 153, 46, 112, 121, 118, 130, 98, 178, 120, 166, 154, 160, 58, 124, 107, 123, 123, 105, 165, 61, 69, 148, 145, 114, 127, 125, 172, 176, 79, 145, 129, 73, 122, 125, 140, 63, 101, 112, 52, 79, 104, 115, 63, 200, 151, 123, 155, 90, 199, 132, 89, 38, 118, 58, 203, 104, 85, 126, 48, 116, 150, 197, 129, 113, 116, 118, 105, 104, 86, 181, 150, 138, 166, 117, 76, 92, 120, 60, 122, 84, 110, 157, 118, 152, 60, 139, 146, 69, 92, 113, 178, 72, 136, 71, 39, 148, 174, 93, 134, 133, 110, 155, 108, 188, 95, 130, 131, 195, 100, 179, 119, 108, 132, 205, 88, 157, 130, 126, 163, 107, 69, 119, 71, 130, 135, 90, 122, 114, 178, 150, 89, 119, 76, 126, 250, 119, 98, 176, 119, 110, 121, 108, 56, 155, 106, 79, 120, 113, 59, 108, 131, 158, 207, 84, 82, 68, 118, 101, 97, 102, 210, 117, 168, 90, 142, 150, 109, 110, 167, 71, 76, 177, 70, 86, 112, 179, 88, 60, 125, 122, 148, 102, 86], [190, 114, 119, 161, 47, 189, 134, 0, 78, 172, 175, 189, 118, 196, 172, 62, 9, 190, 66, 184, 64, 65, 144, 89, 110, 184, 96, 138, 111, 131, 55, 208, 109, 44, 89, 113, 127, 124, 132, 124, 180, 94, 168, 32, 163, 90, 125, 39, 14, 12, 37, 168, 74, 87, 154, 141, 22, 107, 127, 170, 59, 130, 150, 131, 64, 146, 127, 143, 80, 136, 40, 128, 55, 31, 31, 72, 202, 152, 120, 158, 85, 202, 136, 48, 96, 120, 77, 205, 58, 91, 201, 104, 20, 153, 199, 10, 21, 122, 137, 119, 106, 49, 109, 153, 140, 170, 42, 58, 43, 122, 75, 149, 59, 36, 160, 34, 152, 74, 141, 148, 65, 42, 115, 181, 69, 139, 64, 95, 182, 176, 41, 67, 136, 49, 158, 59, 191, 74, 134, 133, 197, 106, 181, 124, 44, 136, 207, 47, 160, 132, 129, 165, 108, 66, 26, 64, 134, 138, 141, 19, 116, 180, 153, 76, 16, 82, 128, 253, 122, 36, 179, 121, 63, 124, 56, 80, 158, 111, 62, 122, 30, 80, 49, 136, 39, 210, 51, 57, 67, 120, 105, 103, 109, 212, 29, 39, 45, 146, 153, 25, 27, 170, 81, 59, 179, 65, 49, 24, 182, 113, 101, 43, 151, 150, 32, 88], [113, 73, 55, 84, 49, 112, 88, 78, 0, 124, 98, 112, 41, 119, 95, 52, 71, 113, 14, 107, 77, 72, 67, 45, 63, 107, 47, 86, 34, 54, 86, 131, 62, 69, 86, 36, 55, 63, 55, 76, 103, 32, 91, 70, 86, 43, 48, 39, 91, 77, 41, 91, 27, 40, 102, 65, 81, 39, 50, 93, 91, 82, 72, 54, 16, 98, 50, 66, 133, 88, 38, 81, 48, 67, 47, 72, 125, 75, 43, 81, 8, 125, 58, 88, 77, 43, 31, 128, 21, 42, 153, 57, 95, 76, 122, 68, 57, 59, 89, 70, 29, 73, 94, 76, 63, 92, 119, 47, 55, 45, 28, 101, 22, 42, 83, 44, 75, 64, 64, 71, 51, 52, 38, 104, 16, 62, 43, 85, 134, 99, 50, 48, 59, 30, 81, 22, 114, 7, 56, 56, 120, 55, 104, 51, 34, 58, 130, 60, 83, 55, 52, 88, 31, 26, 52, 69, 56, 61, 93, 96, 39, 103, 76, 2, 63, 32, 51, 176, 45, 48, 102, 44, 23, 47, 22, 33, 81, 38, 18, 45, 48, 123, 29, 58, 74, 133, 32, 23, 72, 43, 31, 44, 60, 135, 106, 84, 36, 68, 76, 57, 51, 93, 33, 25, 102, 25, 41, 83, 105, 65, 54, 41, 103, 73, 46, 10], [134, 196, 177, 108, 125, 113, 81, 172, 124, 0, 97, 110, 99, 167, 196, 111, 179, 136, 111, 167, 112, 194, 137, 169, 64, 105, 77, 53, 120, 107, 122, 138, 64, 191, 93, 133, 71, 63, 136, 49, 112, 156, 120, 192, 83, 82, 139, 145, 162, 161, 143, 89, 98, 85, 69, 177, 152, 161, 127, 202, 214, 42, 68, 135, 109, 43, 120, 96, 143, 38, 150, 45, 117, 142, 153, 103, 133, 165, 155, 80, 126, 124, 78, 129, 84, 116, 95, 128, 141, 82, 46, 69, 156, 75, 124, 167, 151, 68, 39, 56, 116, 126, 217, 85, 132, 89, 157, 114, 130, 129, 97, 43, 121, 148, 82, 156, 178, 100, 100, 136, 108, 130, 124, 107, 108, 84, 108, 92, 69, 152, 131, 172, 85, 148, 97, 145, 113, 131, 82, 101, 160, 70, 128, 75, 145, 82, 180, 127, 99, 119, 92, 89, 123, 106, 157, 111, 78, 89, 31, 162, 101, 111, 80, 125, 157, 92, 112, 175, 100, 136, 100, 123, 147, 94, 145, 92, 97, 87, 116, 129, 151, 133, 145, 75, 196, 132, 121, 119, 108, 107, 94, 81, 65, 135, 157, 206, 127, 72, 80, 147, 148, 93, 92, 113, 112, 107, 124, 151, 105, 59, 71, 163, 43, 139, 140, 114], [46, 112, 93, 21, 146, 21, 172, 175, 98, 97, 0, 14, 57, 79, 110, 149, 168, 48, 112, 79, 174, 118, 52, 91, 138, 9, 91, 49, 64, 44, 183, 48, 124, 136, 183, 63, 52, 56, 52, 76, 24, 83, 33, 148, 26, 115, 57, 136, 188, 174, 138, 16, 114, 104, 62, 93, 178, 78, 49, 117, 132, 95, 29, 51, 114, 61, 49, 32, 230, 75, 135, 122, 145, 164, 144, 169, 43, 80, 72, 18, 90, 27, 41, 185, 174, 55, 127, 31, 118, 88, 114, 126, 192, 23, 32, 165, 154, 57, 58, 69, 69, 170, 133, 23, 47, 38, 216, 144, 152, 53, 120, 63, 119, 139, 16, 141, 93, 161, 34, 51, 148, 150, 60, 18, 109, 37, 140, 182, 95, 64, 148, 112, 40, 127, 17, 116, 16, 101, 43, 42, 72, 73, 40, 54, 131, 42, 92, 157, 15, 44, 46, 10, 67, 123, 149, 166, 43, 38, 86, 193, 59, 23, 23, 100, 160, 96, 47, 78, 54, 145, 5, 55, 112, 51, 119, 116, 17, 66, 116, 53, 145, 220, 126, 42, 141, 35, 130, 121, 169, 55, 72, 75, 72, 38, 203, 142, 134, 31, 23, 154, 148, 5, 101, 123, 24, 122, 139, 180, 9, 86, 114, 134, 65, 54, 143, 88], [48, 115, 96, 29, 160, 23, 186, 189, 112, 110, 14, 0, 71, 81, 112, 163, 182, 50, 126, 81, 188, 131, 56, 104, 152, 6, 105, 57, 78, 58, 197, 50, 137, 150, 197, 77, 65, 69, 58, 89, 26, 97, 36, 162, 28, 129, 67, 150, 202, 188, 152, 21, 128, 118, 62, 96, 192, 85, 63, 119, 139, 108, 42, 59, 128, 68, 63, 46, 244, 88, 149, 135, 159, 178, 158, 183, 45, 83, 76, 31, 104, 14, 54, 199, 188, 69, 141, 22, 132, 102, 114, 139, 206, 36, 34, 179, 168, 70, 71, 82, 83, 184, 136, 37, 51, 38, 230, 158, 166, 67, 134, 68, 133, 153, 30, 155, 96, 175, 48, 53, 162, 164, 74, 20, 123, 50, 154, 196, 95, 66, 162, 126, 53, 141, 31, 130, 3, 115, 56, 56, 74, 86, 42, 67, 145, 55, 94, 171, 29, 58, 60, 24, 81, 137, 163, 180, 56, 51, 99, 207, 73, 25, 36, 114, 174, 110, 61, 65, 68, 159, 10, 69, 126, 65, 133, 130, 31, 80, 130, 67, 159, 234, 140, 55, 155, 22, 144, 135, 183, 69, 86, 89, 85, 29, 217, 156, 148, 44, 36, 168, 162, 19, 115, 137, 26, 136, 153, 194, 11, 99, 127, 148, 70, 56, 157, 102], [73, 97, 78, 43, 89, 72, 115, 118, 41, 99, 57, 71, 0, 82, 97, 92, 111, 73, 55, 71, 117, 97, 38, 70, 81, 66, 34, 60, 21, 14, 126, 91, 67, 95, 126, 34, 29, 37, 37, 51, 63, 57, 52, 97, 45, 58, 40, 79, 131, 117, 81, 50, 57, 47, 76, 78, 121, 62, 28, 103, 116, 57, 40, 36, 57, 72, 21, 25, 173, 62, 78, 65, 88, 107, 87, 112, 85, 66, 56, 40, 33, 84, 23, 128, 117, 17, 70, 88, 61, 31, 128, 69, 135, 35, 82, 108, 97, 33, 63, 44, 18, 113, 118, 35, 33, 54, 159, 87, 95, 30, 63, 75, 62, 82, 42, 84, 79, 104, 24, 38, 91, 93, 25, 63, 52, 21, 83, 125, 108, 62, 91, 73, 18, 70, 40, 59, 73, 44, 18, 16, 83, 29, 64, 25, 74, 19, 93, 100, 42, 20, 11, 48, 24, 66, 92, 109, 23, 20, 68, 136, 2, 63, 35, 43, 103, 39, 14, 135, 4, 88, 61, 24, 55, 6, 62, 59, 40, 12, 59, 30, 88, 163, 69, 26, 100, 92, 73, 64, 112, 8, 15, 18, 34, 95, 146, 110, 77, 30, 35, 97, 91, 52, 44, 66, 62, 65, 82, 123, 64, 40, 57, 77, 77, 40, 86, 31], [33, 87, 81, 59, 168, 58, 194, 196, 119, 167, 79, 81, 82, 0, 31, 171, 189, 31, 133, 12, 195, 137, 53, 110, 160, 87, 115, 126, 85, 68, 204, 32, 146, 157, 205, 84, 97, 105, 64, 120, 55, 104, 47, 169, 105, 137, 73, 157, 209, 195, 159, 95, 136, 126, 141, 59, 199, 91, 70, 38, 145, 126, 105, 65, 135, 138, 70, 72, 251, 130, 156, 147, 167, 185, 165, 191, 37, 48, 80, 91, 111, 76, 90, 206, 196, 77, 149, 60, 139, 112, 193, 148, 213, 94, 47, 186, 175, 101, 130, 113, 90, 191, 95, 82, 56, 117, 237, 166, 173, 74, 142, 141, 140, 160, 87, 162, 48, 183, 68, 49, 170, 171, 81, 61, 130, 84, 162, 204, 174, 20, 169, 133, 83, 148, 70, 137, 78, 122, 86, 67, 7, 99, 40, 93, 152, 86, 13, 178, 69, 66, 76, 79, 88, 145, 170, 188, 90, 79, 137, 214, 84, 56, 87, 121, 181, 118, 70, 69, 78, 166, 84, 76, 133, 77, 140, 138, 70, 92, 137, 74, 166, 241, 147, 93, 162, 76, 151, 142, 191, 78, 96, 100, 103, 54, 224, 163, 155, 95, 87, 175, 169, 76, 123, 144, 55, 144, 160, 201, 70, 112, 137, 155, 143, 46, 164, 109], [64, 59, 53, 90, 144, 89, 172, 172, 95, 196, 110, 112, 97, 31, 0, 147, 165, 62, 109, 32, 171, 111, 59, 84, 139, 118, 120, 157, 77, 90, 180, 63, 138, 132, 181, 64, 126, 134, 61, 148, 86, 78, 78, 144, 136, 119, 57, 133, 185, 171, 135, 126, 113, 115, 172, 31, 175, 65, 70, 7, 118, 154, 136, 62, 111, 169, 76, 101, 227, 159, 132, 154, 143, 161, 141, 167, 68, 31, 52, 122, 87, 107, 119, 182, 172, 80, 126, 91, 115, 115, 224, 133, 189, 125, 78, 162, 151, 130, 160, 141, 81, 167, 67, 113, 64, 148, 213, 142, 149, 67, 119, 172, 116, 136, 118, 138, 20, 159, 97, 61, 146, 147, 73, 92, 106, 114, 138, 180, 205, 47, 145, 108, 112, 124, 101, 113, 109, 98, 115, 96, 38, 126, 71, 122, 128, 115, 39, 154, 100, 77, 105, 110, 74, 121, 146, 164, 119, 108, 165, 190, 95, 87, 118, 97, 157, 107, 84, 100, 96, 142, 115, 73, 109, 102, 116, 116, 101, 109, 113, 67, 142, 217, 123, 122, 137, 107, 127, 118, 167, 89, 103, 115, 131, 85, 200, 138, 131, 126, 118, 151, 145, 107, 108, 120, 86, 120, 136, 177, 101, 137, 129, 131, 174, 58, 140, 86], [165, 92, 96, 135, 15, 164, 72, 62, 52, 111, 149, 163, 92, 171, 147, 0, 69, 165, 38, 159, 27, 84, 119, 66, 48, 158, 60, 109, 86, 106, 36, 183, 47, 81, 34, 88, 98, 95, 107, 77, 155, 71, 143, 82, 137, 36, 100, 35, 52, 51, 33, 142, 36, 47, 125, 117, 42, 84, 102, 145, 104, 69, 122, 106, 36, 101, 102, 117, 82, 81, 40, 66, 7, 32, 43, 20, 177, 127, 95, 132, 60, 176, 109, 37, 34, 95, 23, 180, 34, 62, 140, 42, 46, 127, 174, 57, 41, 93, 97, 83, 81, 23, 109, 127, 115, 143, 69, 5, 20, 97, 30, 102, 32, 38, 134, 46, 127, 12, 116, 123, 3, 20, 90, 155, 41, 113, 10, 33, 128, 151, 21, 62, 110, 38, 132, 37, 165, 50, 107, 108, 172, 77, 156, 96, 36, 109, 182, 16, 134, 107, 103, 140, 83, 26, 47, 17, 107, 112, 80, 52, 91, 155, 127, 51, 47, 53, 103, 227, 96, 26, 153, 96, 40, 98, 36, 34, 132, 83, 35, 97, 41, 72, 36, 108, 86, 184, 21, 30, 20, 95, 78, 74, 79, 187, 57, 96, 18, 119, 127, 37, 38, 144, 48, 28, 154, 27, 14, 40, 156, 67, 40, 53, 102, 125, 30, 62], [183, 107, 112, 154, 54, 182, 141, 9, 71, 179, 168, 182, 111, 189, 165, 69, 0, 183, 69, 177, 71, 56, 137, 82, 117, 177, 103, 143, 104, 124, 62, 201, 116, 35, 96, 106, 120, 122, 125, 131, 173, 87, 161, 23, 156, 97, 118, 34, 23, 19, 36, 161, 81, 94, 159, 134, 29, 100, 120, 163, 50, 137, 143, 124, 71, 153, 120, 136, 87, 143, 33, 135, 62, 38, 26, 79, 195, 145, 113, 151, 78, 195, 129, 55, 103, 113, 84, 198, 51, 98, 208, 111, 28, 146, 192, 12, 28, 117, 144, 126, 99, 56, 101, 146, 133, 163, 51, 65, 50, 115, 82, 156, 59, 31, 153, 27, 145, 81, 134, 141, 72, 49, 108, 174, 72, 132, 71, 102, 189, 169, 48, 59, 129, 42, 151, 52, 184, 67, 127, 126, 190, 111, 174, 117, 37, 129, 200, 54, 153, 125, 122, 158, 101, 73, 22, 71, 127, 131, 148, 28, 109, 173, 146, 69, 23, 88, 121, 246, 115, 43, 172, 114, 56, 117, 49, 87, 151, 104, 64, 115, 28, 87, 42, 129, 30, 203, 58, 61, 74, 113, 98, 102, 116, 205, 38, 30, 52, 139, 146, 32, 31, 163, 88, 66, 172, 72, 56, 31, 175, 120, 108, 36, 158, 143, 39, 81], [2, 81, 75, 30, 162, 27, 188, 190, 113, 136, 48, 50, 73, 31, 62, 165, 183, 0, 127, 31, 189, 131, 46, 104, 154, 56, 107, 95, 79, 60, 198, 18, 140, 151, 199, 78, 69, 75, 58, 93, 24, 98, 22, 163, 74, 131, 67, 151, 203, 189, 153, 64, 130, 120, 110, 53, 193, 85, 63, 69, 139, 111, 74, 59, 129, 107, 64, 48, 245, 100, 150, 138, 161, 179, 159, 185, 12, 42, 73, 60, 105, 45, 60, 200, 190, 71, 143, 29, 133, 104, 162, 142, 207, 63, 16, 180, 169, 74, 99, 86, 84, 185, 89, 51, 50, 86, 231, 160, 167, 68, 136, 110, 134, 154, 56, 156, 46, 177, 50, 42, 164, 165, 75, 30, 124, 54, 156, 198, 143, 16, 163, 127, 56, 142, 39, 131, 47, 116, 59, 58, 24, 89, 9, 70, 146, 58, 44, 172, 38, 60, 62, 48, 82, 139, 164, 182, 61, 54, 107, 208, 75, 25, 56, 115, 175, 112, 63, 63, 70, 160, 53, 70, 127, 67, 134, 132, 39, 82, 131, 68, 160, 235, 141, 63, 156, 45, 145, 136, 185, 71, 88, 91, 88, 23, 218, 157, 149, 64, 56, 169, 163, 45, 117, 138, 24, 138, 154, 195, 39, 102, 130, 149, 112, 40, 158, 103], [127, 87, 69, 98, 35, 126, 74, 66, 14, 111, 112, 126, 55, 133, 109, 38, 69, 127, 0, 121, 64, 84, 81, 59, 49, 121, 34, 74, 48, 68, 73, 145, 48, 81, 72, 50, 61, 58, 69, 63, 117, 46, 105, 82, 100, 29, 62, 35, 78, 65, 33, 105, 14, 27, 90, 79, 68, 53, 64, 107, 104, 69, 85, 68, 2, 86, 64, 80, 120, 75, 40, 67, 34, 54, 43, 58, 139, 89, 57, 95, 22, 139, 72, 75, 63, 57, 17, 142, 30, 29, 140, 43, 82, 90, 136, 58, 45, 56, 77, 57, 43, 60, 108, 90, 77, 106, 106, 33, 42, 59, 14, 88, 10, 38, 97, 46, 89, 50, 78, 85, 37, 38, 52, 118, 3, 76, 29, 71, 121, 113, 36, 61, 73, 37, 95, 34, 128, 21, 70, 70, 134, 42, 118, 59, 35, 72, 144, 47, 97, 69, 66, 102, 45, 12, 47, 55, 70, 75, 80, 83, 53, 117, 90, 15, 51, 19, 65, 190, 59, 36, 116, 58, 36, 61, 34, 19, 95, 46, 5, 59, 41, 110, 34, 71, 86, 147, 18, 9, 58, 57, 40, 37, 47, 149, 93, 96, 22, 82, 90, 45, 40, 107, 20, 11, 116, 11, 27, 70, 119, 52, 40, 53, 90, 87, 34, 24], [33, 75, 69, 59, 156, 58, 182, 184, 107, 167, 79, 81, 71, 12, 32, 159, 177, 31, 121, 0, 183, 125, 41, 98, 148, 87, 103, 126, 73, 60, 192, 32, 134, 145, 193, 72, 96, 104, 52, 119, 55, 92, 47, 157, 105, 125, 61, 145, 197, 183, 147, 95, 124, 114, 141, 47, 187, 79, 58, 39, 133, 125, 105, 53, 123, 138, 58, 71, 239, 129, 144, 135, 155, 173, 153, 179, 37, 36, 68, 91, 99, 76, 89, 194, 184, 65, 137, 60, 127, 100, 193, 136, 201, 94, 47, 174, 163, 100, 130, 112, 78, 179, 83, 82, 44, 117, 225, 154, 161, 62, 130, 141, 128, 148, 87, 150, 36, 171, 67, 37, 158, 159, 69, 61, 118, 84, 150, 192, 174, 15, 157, 121, 82, 136, 70, 125, 78, 110, 85, 66, 13, 97, 39, 92, 140, 85, 23, 166, 69, 54, 75, 79, 76, 133, 158, 176, 89, 78, 136, 202, 72, 56, 87, 109, 169, 106, 59, 70, 67, 154, 84, 64, 121, 73, 128, 126, 70, 81, 125, 62, 154, 229, 135, 92, 150, 76, 139, 130, 179, 66, 84, 89, 102, 54, 212, 151, 143, 95, 87, 163, 157, 76, 111, 132, 55, 132, 148, 189, 70, 109, 125, 143, 143, 34, 152, 97]]
}