inst08 = {
    'm': 8,
    'n': 10,
    'l': [180, 160, 185, 200, 180, 160, 175, 200],
    's': [10, 25, 18, 16, 14, 7, 9, 16, 24, 19],
    'min_dist': 74,
    'max_dist': 786,
    'min_solu': 186,
    'time': 4,
    'at_least_one': 1,
    'min_load': 7,
    'max_load': 86,
    'distances': [[0, 56, 86, 87, 81, 128, 107, 163, 166, 98, 93], [56, 0, 80, 31, 63, 87, 61, 107, 119, 76, 37], [86, 71, 0, 102, 17, 42, 111, 77, 90, 12, 70], [87, 31, 110, 0, 93, 116, 30, 77, 89, 105, 40], [81, 63, 17, 93, 0, 47, 94, 82, 94, 17, 53], [128, 87, 42, 116, 47, 0, 117, 52, 92, 30, 76], [117, 61, 111, 30, 94, 117, 0, 65, 59, 106, 41], [163, 107, 77, 77, 82, 52, 65, 0, 40, 65, 70]]
}