inst07 = {
    'm': 6,
    'n': 17,
    'l': [190, 185, 185, 190, 195, 185],
    's': [11, 11, 23, 16, 2, 1, 24, 14, 20, 10, 11, 22, 2, 12, 9, 21, 10],
    'min_dist': 32,
    'max_dist': 1388,
    'min_solu': 167,
    'time': 13,
    'at_least_one': 1,
    'min_load': 1,
    'max_load': 195,
    'distances': [[0, 20, 19, 28, 58, 48, 45, 32, 90, 61, 71, 59, 65, 46, 72, 51, 46, 66], [103, 0, 81, 107, 38, 110, 55, 94, 76, 123, 88, 76, 69, 86, 99, 113, 108, 106], [73, 41, 0, 80, 40, 29, 26, 13, 75, 42, 70, 58, 46, 27, 53, 32, 27, 47], [28, 48, 47, 0, 55, 59, 52, 60, 62, 58, 43, 31, 40, 21, 59, 48, 53, 61], [83, 38, 79, 87, 0, 102, 58, 92, 56, 103, 68, 56, 49, 67, 79, 94, 106, 86], [76, 44, 72, 83, 43, 0, 98, 16, 46, 64, 73, 61, 73, 67, 27, 40, 30, 43]]
}