inst21 = {
    'm': 20,
    'n': 143,
    'l': [185, 190, 200, 180, 200, 190, 200, 180, 200, 190, 180, 190, 200, 180, 185, 180, 195, 190, 195, 190],
    's': [9, 22, 10, 24, 25, 6, 22, 1, 19, 19, 5, 9, 8, 14, 4, 7, 10, 22, 17, 10, 8, 14, 12, 17, 19, 25, 25, 6, 21, 3, 19, 16, 21, 17, 19, 6, 10, 22, 17, 16, 5, 1, 21, 20, 6, 1, 11, 22, 25, 18, 9, 23, 17, 4, 1, 14, 11, 7, 21, 3, 18, 5, 6, 22, 13, 17, 5, 7, 1, 3, 10, 5, 1, 17, 14, 4, 10, 25, 11, 16, 25, 20, 3, 7, 2, 6, 14, 14, 2, 15, 22, 4, 22, 19, 5, 10, 4, 7, 11, 14, 2, 12, 12, 24, 8, 4, 25, 6, 9, 23, 15, 7, 6, 5, 12, 3, 22, 18, 16, 5, 1, 8, 20, 17, 11, 8, 15, 16, 6, 24, 10, 4, 10, 17, 5, 14, 16, 11, 25, 4, 12, 19, 6],
    'min_dist': 18,
    'max_dist': 14727,
    'min_solu': 374,
    'time': 48,
    'at_least_one': 1,
    'min_load': 1,
    'max_load': 200,
    'distances': [[0, 83, 20, 84, 48, 83, 124, 100, 128, 54, 28, 59, 9, 29, 63, 88, 16, 89, 78, 77, 93, 85, 72, 78, 93, 6, 46, 47, 120, 167, 63, 84, 113, 130, 38, 179, 71, 69, 13, 53, 59, 56, 79, 62, 21, 75, 125, 85, 189, 82, 74, 44, 125, 133, 157, 104, 197, 83, 130, 104, 151, 12, 67, 97, 110, 104, 135, 89, 61, 84, 15, 105, 34, 91, 92, 167, 130, 42, 87, 22, 80, 129, 110, 73, 158, 89, 26, 40, 143, 121, 21, 74, 125, 82, 4, 94, 94, 166, 63, 121, 111, 85, 76, 78, 104, 78, 28, 59, 26, 34, 146, 64, 89, 53, 108, 183, 86, 43, 48, 130, 33, 76, 92, 69, 117, 115, 40, 97, 29, 66, 116, 8, 25, 118, 90, 103, 98, 88, 7, 139, 86, 86, 65, 58], [83, 0, 91, 139, 78, 138, 44, 167, 59, 125, 76, 130, 89, 100, 60, 79, 87, 87, 149, 60, 66, 94, 35, 146, 104, 77, 102, 69, 71, 88, 67, 30, 95, 198, 69, 247, 139, 46, 80, 136, 59, 38, 77, 32, 92, 119, 57, 11, 149, 153, 130, 127, 58, 128, 180, 172, 265, 104, 79, 37, 219, 83, 70, 14, 83, 55, 202, 111, 144, 152, 71, 176, 105, 162, 150, 95, 50, 111, 157, 93, 36, 70, 178, 49, 226, 69, 97, 123, 75, 43, 92, 66, 93, 14, 80, 45, 14, 146, 32, 192, 179, 14, 82, 79, 172, 54, 88, 120, 90, 116, 214, 135, 25, 102, 176, 108, 154, 42, 131, 113, 113, 36, 90, 15, 185, 118, 111, 95, 100, 30, 47, 91, 96, 38, 158, 35, 15, 43, 90, 71, 157, 16, 60, 79], [20, 91, 0, 91, 56, 90, 132, 89, 148, 36, 36, 41, 29, 10, 71, 96, 17, 97, 60, 97, 101, 93, 80, 66, 101, 14, 66, 55, 128, 175, 83, 92, 121, 112, 46, 161, 72, 89, 21, 45, 67, 76, 87, 82, 24, 82, 145, 93, 197, 64, 81, 36, 133, 141, 164, 89, 179, 91, 138, 124, 133, 17, 75, 105, 118, 112, 125, 97, 54, 68, 23, 87, 15, 73, 98, 175, 138, 45, 69, 3, 88, 137, 94, 81, 143, 97, 27, 32, 163, 129, 24, 82, 133, 90, 21, 102, 102, 174, 71, 103, 93, 93, 96, 86, 86, 86, 35, 66, 33, 46, 128, 46, 109, 73, 90, 191, 87, 63, 41, 138, 22, 84, 100, 85, 102, 123, 21, 105, 20, 74, 136, 18, 16, 126, 74, 123, 106, 96, 13, 159, 68, 106, 73, 66], [84, 139, 91, 0, 63, 1, 110, 28, 197, 91, 67, 68, 91, 90, 80, 60, 74, 52, 49, 148, 73, 45, 104, 26, 35, 78, 120, 72, 70, 132, 135, 109, 46, 59, 73, 108, 19, 140, 71, 135, 81, 127, 62, 133, 67, 20, 196, 128, 108, 99, 10, 126, 84, 53, 74, 33, 126, 35, 64, 175, 80, 75, 70, 144, 57, 85, 63, 28, 145, 32, 73, 86, 84, 76, 11, 88, 158, 46, 40, 88, 103, 73, 39, 90, 87, 70, 64, 122, 213, 100, 67, 73, 49, 125, 81, 95, 132, 85, 108, 72, 41, 125, 149, 60, 34, 85, 56, 25, 58, 118, 75, 72, 160, 127, 38, 104, 15, 114, 132, 49, 112, 103, 49, 133, 46, 33, 104, 45, 72, 110, 185, 92, 75, 126, 24, 174, 151, 96, 90, 209, 71, 155, 80, 61], [48, 78, 56, 63, 0, 62, 77, 91, 136, 59, 20, 52, 56, 55, 18, 41, 39, 42, 71, 87, 46, 38, 43, 70, 45, 42, 70, 10, 73, 120, 73, 48, 66, 122, 10, 171, 63, 78, 36, 100, 19, 65, 32, 71, 32, 43, 134, 67, 142, 75, 54, 91, 78, 86, 109, 96, 189, 35, 83, 113, 143, 40, 20, 83, 63, 57, 126, 41, 109, 76, 33, 98, 49, 84, 74, 120, 97, 34, 80, 53, 42, 82, 102, 29, 150, 42, 30, 87, 152, 74, 32, 27, 78, 64, 45, 47, 71, 119, 47, 114, 103, 64, 87, 31, 96, 31, 21, 42, 23, 82, 138, 57, 98, 70, 100, 136, 78, 52, 96, 83, 77, 42, 45, 72, 109, 67, 69, 50, 37, 49, 124, 56, 40, 71, 82, 112, 90, 41, 55, 148, 79, 94, 18, 11], [83, 138, 90, 1, 62, 0, 109, 29, 196, 90, 66, 67, 90, 89, 79, 59, 73, 51, 48, 147, 72, 44, 103, 25, 34, 77, 119, 71, 69, 131, 134, 108, 45, 60, 72, 109, 18, 139, 70, 134, 80, 126, 61, 132, 66, 19, 195, 127, 108, 98, 9, 125, 83, 53, 74, 34, 127, 34, 63, 174, 81, 74, 69, 143, 56, 84, 64, 27, 144, 31, 72, 85, 83, 75, 12, 88, 157, 45, 39, 87, 102, 72, 40, 89, 88, 69, 63, 121, 212, 99, 66, 72, 48, 124, 80, 94, 131, 85, 107, 71, 42, 124, 148, 59, 35, 84, 55, 24, 57, 117, 76, 71, 159, 126, 39, 104, 16, 113, 131, 49, 111, 102, 48, 132, 47, 33, 103, 44, 71, 109, 184, 91, 74, 125, 24, 173, 150, 95, 89, 208, 70, 154, 79, 60], [124, 44, 132, 110, 77, 109, 0, 138, 89, 136, 96, 112, 131, 132, 61, 50, 116, 58, 120, 102, 37, 65, 53, 117, 75, 118, 144, 77, 41, 44, 109, 40, 66, 169, 86, 218, 110, 88, 112, 177, 65, 80, 49, 74, 109, 90, 88, 39, 118, 144, 101, 168, 27, 99, 151, 143, 236, 75, 48, 71, 190, 116, 57, 36, 54, 25, 173, 82, 185, 123, 109, 148, 126, 134, 121, 63, 48, 90, 128, 130, 44, 39, 149, 51, 197, 40, 107, 164, 105, 10, 109, 50, 63, 42, 121, 30, 30, 117, 61, 163, 150, 40, 124, 51, 143, 46, 98, 91, 100, 158, 185, 117, 69, 144, 147, 75, 125, 84, 172, 84, 154, 48, 61, 57, 156, 89, 146, 66, 114, 58, 77, 132, 117, 16, 129, 67, 43, 36, 131, 101, 129, 49, 59, 66], [100, 167, 89, 28, 91, 29, 138, 0, 225, 88, 95, 65, 109, 88, 108, 88, 85, 80, 46, 176, 101, 73, 132, 23, 63, 94, 146, 100, 98, 160, 163, 137, 74, 31, 101, 80, 29, 168, 91, 133, 109, 155, 90, 161, 79, 48, 224, 156, 113, 96, 38, 124, 112, 57, 77, 5, 98, 63, 92, 203, 52, 88, 98, 172, 85, 113, 36, 56, 143, 29, 100, 83, 82, 73, 17, 93, 186, 59, 37, 86, 131, 101, 11, 118, 59, 98, 74, 120, 241, 128, 79, 101, 77, 153, 101, 123, 160, 90, 136, 68, 27, 153, 176, 88, 23, 113, 84, 50, 82, 129, 47, 69, 188, 153, 18, 109, 14, 142, 130, 57, 110, 131, 77, 161, 18, 51, 102, 73, 72, 138, 213, 102, 76, 154, 21, 202, 179, 124, 97, 237, 68, 183, 108, 89], [128, 59, 148, 197, 136, 196, 89, 225, 0, 182, 134, 187, 120, 157, 118, 137, 144, 145, 206, 79, 124, 152, 93, 204, 162, 134, 121, 127, 129, 69, 87, 88, 153, 256, 127, 305, 197, 66, 138, 157, 117, 72, 135, 66, 149, 177, 30, 69, 207, 210, 188, 165, 116, 186, 238, 230, 323, 162, 137, 45, 277, 140, 128, 53, 141, 113, 260, 169, 163, 210, 129, 233, 162, 219, 208, 152, 41, 169, 215, 150, 94, 128, 236, 107, 284, 127, 154, 167, 21, 99, 149, 124, 151, 72, 127, 103, 66, 204, 90, 249, 237, 72, 101, 137, 230, 112, 146, 178, 148, 135, 272, 192, 44, 121, 234, 164, 212, 85, 150, 171, 161, 94, 148, 65, 243, 176, 168, 153, 157, 88, 13, 130, 153, 73, 216, 41, 46, 101, 135, 21, 214, 43, 118, 137], [54, 125, 36, 91, 59, 90, 136, 88, 182, 0, 50, 24, 63, 26, 75, 99, 38, 100, 43, 131, 105, 95, 90, 65, 102, 48, 100, 59, 132, 179, 117, 97, 124, 78, 56, 127, 72, 123, 45, 45, 71, 110, 90, 116, 33, 83, 179, 114, 198, 28, 81, 36, 137, 143, 164, 86, 145, 92, 142, 158, 99, 42, 79, 130, 121, 116, 124, 98, 71, 59, 54, 52, 21, 38, 98, 178, 145, 46, 51, 33, 93, 141, 78, 85, 131, 101, 29, 32, 197, 133, 33, 86, 136, 112, 55, 106, 118, 175, 94, 68, 63, 111, 130, 90, 66, 90, 38, 67, 36, 82, 94, 19, 143, 107, 71, 194, 87, 97, 76, 139, 23, 90, 103, 119, 87, 123, 15, 108, 25, 96, 170, 54, 29, 130, 67, 157, 137, 100, 49, 193, 33, 140, 77, 70], [28, 76, 36, 67, 20, 66, 96, 95, 134, 50, 0, 55, 36, 36, 35, 60, 20, 61, 74, 83, 65, 57, 44, 74, 65, 22, 53, 19, 92, 139, 69, 57, 85, 126, 10, 175, 67, 75, 16, 81, 31, 62, 51, 68, 17, 47, 131, 65, 161, 78, 58, 72, 97, 105, 129, 100, 193, 55, 102, 110, 147, 20, 39, 81, 82, 76, 130, 61, 89, 80, 13, 101, 30, 87, 78, 139, 104, 37, 83, 34, 53, 101, 106, 45, 154, 61, 22, 68, 149, 93, 17, 46, 97, 62, 25, 66, 69, 138, 44, 117, 107, 62, 83, 50, 100, 50, 12, 46, 14, 62, 142, 60, 95, 60, 104, 155, 82, 49, 76, 102, 58, 49, 64, 70, 113, 87, 50, 69, 25, 46, 122, 36, 21, 90, 86, 109, 88, 60, 35, 145, 82, 92, 37, 30], [59, 130, 41, 68, 52, 67, 112, 65, 187, 24, 55, 0, 68, 31, 70, 75, 43, 76, 19, 136, 81, 71, 95, 42, 78, 53, 105, 62, 108, 155, 122, 100, 100, 71, 61, 120, 49, 128, 50, 69, 71, 115, 66, 121, 38, 59, 184, 119, 175, 32, 58, 60, 113, 120, 141, 62, 138, 68, 118, 163, 92, 47, 60, 135, 97, 92, 100, 74, 79, 36, 59, 46, 26, 32, 75, 155, 149, 22, 28, 38, 94, 117, 54, 81, 107, 77, 33, 56, 202, 109, 38, 64, 112, 116, 60, 86, 123, 152, 99, 62, 52, 116, 135, 66, 45, 76, 43, 43, 41, 87, 87, 5, 148, 112, 49, 171, 64, 102, 81, 116, 46, 94, 79, 124, 63, 100, 38, 84, 30, 101, 175, 59, 34, 117, 44, 162, 142, 87, 54, 198, 27, 145, 70, 51], [9, 89, 29, 91, 56, 90, 131, 109, 120, 63, 36, 68, 0, 38, 71, 96, 25, 97, 87, 68, 101, 93, 80, 87, 101, 15, 37, 55, 128, 175, 54, 92, 121, 139, 46, 188, 80, 61, 20, 47, 67, 51, 87, 57, 30, 82, 118, 92, 197, 91, 81, 46, 133, 141, 164, 113, 206, 91, 138, 97, 160, 21, 75, 103, 118, 112, 144, 97, 55, 93, 23, 114, 43, 100, 99, 175, 137, 51, 96, 31, 88, 137, 119, 81, 167, 97, 35, 48, 136, 129, 30, 82, 133, 89, 11, 102, 101, 174, 71, 130, 120, 92, 67, 86, 113, 86, 35, 66, 33, 27, 155, 73, 82, 44, 117, 191, 95, 48, 42, 138, 42, 84, 100, 74, 126, 123, 49, 105, 38, 74, 109, 11, 34, 125, 99, 96, 104, 96, 16, 132, 95, 85, 73, 66], [29, 100, 10, 90, 55, 89, 132, 88, 157, 26, 36, 31, 38, 0, 71, 96, 16, 97, 50, 106, 101, 93, 80, 65, 100, 23, 75, 55, 128, 175, 92, 92, 121, 102, 46, 151, 71, 98, 20, 45, 67, 85, 87, 91, 23, 81, 154, 93, 197, 54, 80, 36, 133, 141, 163, 86, 169, 90, 138, 133, 123, 17, 75, 106, 118, 112, 124, 96, 56, 59, 29, 77, 6, 63, 97, 175, 138, 44, 59, 8, 88, 137, 84, 81, 133, 97, 26, 32, 172, 129, 23, 82, 133, 90, 30, 102, 102, 174, 71, 93, 83, 93, 105, 86, 76, 86, 34, 65, 32, 56, 118, 36, 118, 82, 80, 191, 86, 72, 50, 138, 22, 84, 100, 94, 92, 122, 14, 105, 18, 74, 145, 28, 15, 126, 67, 132, 113, 96, 23, 168, 58, 115, 73, 66], [63, 60, 71, 80, 18, 79, 61, 108, 118, 75, 35, 70, 71, 71, 0, 25, 55, 28, 89, 69, 30, 35, 25, 87, 45, 57, 85, 16, 57, 104, 55, 30, 51, 139, 25, 188, 80, 61, 51, 116, 4, 48, 18, 54, 48, 60, 117, 49, 126, 93, 71, 107, 62, 72, 121, 113, 206, 45, 67, 96, 160, 55, 10, 65, 47, 41, 143, 52, 124, 93, 48, 116, 65, 102, 91, 104, 79, 51, 98, 69, 24, 66, 119, 11, 167, 26, 46, 103, 134, 58, 48, 11, 62, 46, 60, 31, 53, 104, 29, 132, 120, 46, 70, 20, 113, 15, 37, 60, 39, 97, 155, 75, 81, 85, 117, 120, 95, 35, 111, 68, 93, 24, 31, 54, 126, 59, 85, 36, 53, 31, 106, 71, 56, 55, 99, 95, 72, 25, 70, 130, 97, 76, 2, 19], [88, 79, 96, 60, 41, 59, 50, 88, 137, 99, 60, 75, 96, 96, 25, 0, 80, 8, 70, 88, 13, 15, 44, 67, 25, 82, 110, 41, 34, 80, 77, 49, 26, 119, 50, 168, 60, 80, 76, 141, 29, 67, 9, 73, 73, 40, 136, 68, 102, 107, 51, 132, 38, 50, 101, 93, 186, 25, 44, 115, 140, 80, 21, 84, 23, 25, 123, 32, 149, 73, 73, 99, 90, 86, 71, 81, 98, 53, 78, 94, 43, 43, 99, 30, 147, 10, 71, 128, 153, 40, 73, 14, 38, 65, 85, 35, 72, 79, 48, 113, 100, 65, 92, 10, 93, 25, 62, 41, 64, 122, 135, 80, 100, 110, 97, 97, 75, 55, 136, 43, 118, 43, 11, 73, 106, 39, 110, 16, 78, 50, 125, 96, 81, 66, 79, 114, 91, 36, 95, 149, 81, 95, 23, 30], [16, 87, 17, 74, 39, 73, 116, 85, 144, 38, 20, 43, 25, 16, 55, 80, 0, 81, 62, 93, 85, 77, 64, 63, 84, 10, 62, 39, 112, 159, 79, 77, 105, 114, 30, 163, 56, 85, 7, 61, 51, 72, 71, 78, 7, 65, 141, 78, 181, 66, 64, 52, 117, 125, 147, 89, 181, 74, 122, 120, 135, 4, 59, 93, 102, 96, 120, 80, 71, 69, 16, 89, 18, 75, 82, 159, 123, 28, 71, 14, 73, 121, 95, 65, 143, 81, 11, 48, 159, 113, 7, 66, 117, 75, 17, 86, 87, 158, 56, 105, 95, 78, 92, 70, 88, 70, 18, 49, 16, 44, 130, 48, 105, 69, 92, 175, 71, 59, 58, 122, 38, 69, 84, 81, 102, 106, 30, 89, 13, 59, 132, 18, 9, 110, 75, 119, 100, 80, 16, 155, 70, 102, 57, 50], [89, 87, 97, 52, 42, 51, 58, 80, 145, 100, 61, 76, 97, 97, 28, 8, 81, 0, 62, 96, 21, 7, 52, 59, 17, 83, 111, 42, 32, 80, 83, 57, 24, 111, 51, 160, 52, 88, 77, 142, 30, 75, 10, 81, 74, 32, 144, 76, 100, 108, 43, 133, 38, 44, 93, 85, 178, 17, 42, 123, 132, 81, 22, 92, 21, 33, 115, 24, 150, 65, 74, 96, 91, 86, 63, 79, 106, 54, 70, 95, 51, 41, 91, 38, 139, 18, 72, 129, 161, 48, 74, 21, 36, 73, 86, 43, 80, 77, 56, 105, 92, 73, 98, 11, 85, 33, 63, 33, 65, 123, 127, 81, 108, 111, 89, 95, 67, 62, 137, 41, 119, 51, 3, 81, 98, 31, 111, 8, 79, 58, 133, 97, 82, 74, 71, 122, 99, 44, 96, 157, 81, 103, 28, 31], [78, 149, 60, 49, 71, 48, 120, 46, 206, 43, 74, 19, 87, 50, 89, 70, 62, 62, 0, 155, 83, 55, 114, 23, 61, 72, 124, 81, 91, 142, 141, 119, 82, 52, 80, 101, 30, 147, 69, 88, 90, 134, 72, 140, 57, 41, 203, 138, 156, 51, 39, 79, 96, 101, 122, 43, 119, 51, 100, 182, 73, 66, 79, 154, 80, 95, 81, 56, 98, 17, 78, 38, 45, 28, 56, 136, 168, 38, 9, 57, 113, 100, 35, 100, 88, 80, 52, 75, 221, 110, 57, 83, 94, 135, 79, 105, 142, 133, 118, 44, 33, 135, 154, 70, 26, 95, 62, 29, 60, 106, 68, 24, 167, 131, 30, 152, 45, 121, 100, 97, 65, 113, 62, 143, 44, 81, 57, 67, 49, 120, 194, 78, 53, 136, 25, 181, 161, 106, 73, 217, 23, 164, 89, 70], [77, 60, 97, 148, 87, 147, 102, 176, 79, 131, 83, 136, 68, 106, 69, 88, 93, 96, 155, 0, 76, 103, 51, 155, 113, 83, 42, 77, 100, 146, 14, 63, 104, 207, 77, 256, 148, 14, 87, 89, 68, 22, 86, 28, 98, 128, 50, 63, 172, 159, 139, 113, 105, 137, 189, 181, 274, 113, 110, 34, 228, 89, 79, 74, 93, 84, 211, 120, 84, 161, 78, 182, 111, 168, 159, 147, 108, 119, 164, 99, 59, 109, 187, 58, 235, 78, 103, 116, 68, 101, 98, 75, 108, 60, 76, 73, 72, 156, 42, 198, 188, 63, 22, 88, 181, 63, 95, 129, 97, 56, 223, 141, 36, 42, 185, 163, 163, 35, 71, 122, 110, 55, 99, 45, 194, 127, 117, 104, 106, 45, 66, 79, 102, 96, 167, 38, 75, 67, 84, 64, 163, 56, 69, 88]]
}