inst17 = {
    'm': 20,
    'n': 287,
    'l': [195, 180, 190, 210, 195, 180, 190, 210, 200, 195, 180, 210, 200, 195, 180, 210, 195, 195, 180, 210],
    's': [10, 21, 8, 23, 10, 9, 21, 16, 21, 3, 24, 2, 4, 18, 5, 13, 13, 14, 10, 3, 1, 11, 16, 6, 18, 11, 15, 17, 17, 1, 1, 18, 3, 21, 22, 14, 4, 17, 16, 8, 14, 23, 1, 21, 10, 19, 6, 4, 18, 23, 25, 17, 11, 20, 9, 23, 14, 7, 15, 22, 4, 14, 24, 13, 9, 3, 23, 2, 23, 8, 23, 13, 25, 25, 20, 9, 15, 4, 1, 7, 12, 5, 8, 1, 24, 23, 12, 2, 22, 3, 12, 16, 8, 25, 6, 24, 16, 7, 9, 23, 24, 19, 9, 10, 23, 2, 5, 25, 17, 23, 23, 13, 2, 24, 22, 20, 15, 12, 17, 21, 10, 4, 21, 3, 17, 19, 10, 21, 21, 6, 8, 8, 13, 7, 11, 18, 10, 25, 7, 17, 20, 18, 21, 14, 2, 18, 10, 5, 15, 17, 12, 14, 3, 7, 21, 7, 5, 24, 13, 18, 19, 22, 13, 10, 4, 17, 2, 18, 2, 18, 13, 24, 25, 2, 2, 7, 23, 21, 18, 21, 23, 16, 22, 11, 22, 10, 15, 23, 7, 1, 21, 11, 2, 24, 25, 17, 10, 18, 2, 12, 4, 1, 1, 6, 22, 25, 21, 18, 14, 21, 4, 1, 18, 4, 4, 5, 15, 5, 22, 21, 17, 8, 4, 4, 16, 5, 15, 25, 15, 7, 19, 11, 13, 24, 4, 13, 6, 4, 12, 4, 4, 25, 25, 14, 25, 13, 13, 11, 24, 5, 12, 4, 5, 24, 17, 4, 1, 19, 7, 24, 10, 13, 24, 3, 14, 2, 24, 11, 5, 14, 21, 14, 15, 3, 15, 15, 21, 17, 18, 15, 19, 9, 10, 13, 25, 1, 11],
    'min_dist': 0,
    'max_dist': 19016,
    'min_solu': 380,
    'time': 67,
    'at_least_one': 1,
    'min_load': 1,
    'max_load': 210,
    'distances': [[0, 5, 89, 140, 77, 12, 31, 63, 96, 87, 67, 50, 35, 74, 57, 16, 84, 87, 143, 16, 4, 88, 38, 69, 42, 47, 24, 18, 14, 69, 66, 77, 128, 11, 45, 49, 102, 26, 59, 61, 53, 9, 15, 32, 62, 17, 56, 103, 25, 71, 50, 48, 131, 77, 50, 41, 86, 141, 34, 137, 37, 68, 68, 69, 91, 32, 101, 41, 28, 113, 30, 18, 52, 146, 89, 29, 95, 50, 16, 62, 92, 135, 49, 98, 131, 49, 25, 31, 66, 42, 39, 81, 95, 29, 67, 63, 35, 69, 82, 71, 43, 110, 93, 64, 68, 20, 162, 65, 28, 33, 66, 88, 97, 43, 27, 149, 107, 80, 41, 108, 53, 71, 84, 58, 117, 50, 43, 32, 80, 53, 18, 97, 49, 13, 91, 80, 64, 92, 21, 80, 16, 40, 99, 107, 13, 44, 42, 62, 105, 65, 8, 26, 50, 48, 22, 31, 85, 25, 43, 80, 37, 84, 53, 48, 128, 88, 147, 61, 46, 27, 107, 53, 109, 43, 81, 83, 100, 35, 74, 42, 24, 184, 124, 94, 24, 61, 80, 131, 107, 101, 46, 90, 100, 92, 113, 48, 74, 90, 27, 33, 84, 32, 30, 69, 26, 72, 99, 12, 144, 143, 38, 34, 51, 55, 26, 69, 103, 51, 43, 69, 34, 21, 135, 72, 64, 44, 72, 73, 89, 43, 83, 21, 82, 85, 83, 56, 55, 115, 80, 46, 50, 29, 36, 68, 66, 65, 54, 7, 38, 84, 87, 103, 39, 67, 116, 134, 42, 5, 43, 94, 94, 23, 74, 46, 86, 101, 33, 43, 61, 78, 42, 101, 73, 78, 20, 64, 80, 136, 109, 100, 111, 48, 46, 52, 40, 17, 79, 45], [5, 0, 84, 144, 72, 7, 27, 58, 100, 91, 72, 45, 40, 78, 62, 11, 88, 91, 147, 20, 9, 92, 43, 74, 44, 52, 19, 22, 19, 74, 61, 80, 133, 15, 49, 54, 105, 21, 64, 65, 48, 13, 19, 27, 57, 12, 60, 107, 29, 76, 54, 53, 136, 81, 55, 36, 91, 146, 30, 141, 32, 72, 63, 74, 95, 29, 106, 36, 32, 117, 25, 13, 47, 141, 93, 24, 99, 45, 11, 66, 87, 140, 54, 102, 135, 53, 29, 26, 61, 37, 44, 85, 99, 33, 72, 68, 37, 73, 77, 75, 38, 105, 97, 69, 63, 25, 167, 69, 23, 28, 61, 92, 101, 45, 22, 153, 111, 84, 45, 103, 48, 75, 88, 61, 112, 54, 38, 27, 84, 58, 14, 92, 44, 17, 95, 75, 59, 96, 26, 82, 20, 45, 103, 111, 18, 49, 47, 57, 108, 60, 12, 21, 54, 53, 17, 36, 89, 20, 38, 84, 41, 89, 48, 52, 132, 92, 142, 63, 41, 32, 111, 48, 113, 40, 85, 85, 104, 40, 78, 46, 26, 188, 119, 98, 19, 56, 85, 135, 111, 105, 51, 94, 104, 87, 118, 53, 79, 85, 32, 32, 88, 27, 25, 74, 30, 76, 103, 11, 148, 148, 43, 39, 53, 50, 26, 64, 108, 46, 45, 74, 29, 17, 139, 77, 66, 47, 67, 68, 93, 38, 78, 25, 86, 90, 87, 61, 50, 119, 85, 51, 55, 24, 31, 72, 71, 69, 49, 4, 42, 79, 91, 98, 34, 72, 111, 139, 38, 0, 47, 98, 98, 28, 78, 49, 90, 105, 35, 47, 63, 73, 37, 106, 68, 82, 24, 68, 84, 140, 113, 104, 115, 48, 41, 54, 44, 16, 81, 49], [89, 84, 0, 139, 19, 83, 98, 36, 110, 99, 156, 39, 121, 130, 146, 91, 88, 86, 147, 92, 93, 87, 126, 157, 51, 136, 66, 90, 103, 157, 24, 75, 216, 91, 95, 138, 96, 72, 148, 119, 58, 92, 97, 77, 28, 72, 130, 117, 86, 150, 108, 130, 220, 125, 139, 92, 175, 230, 104, 138, 52, 123, 61, 150, 124, 59, 189, 92, 103, 162, 90, 80, 37, 157, 114, 60, 122, 51, 73, 134, 103, 224, 127, 106, 128, 95, 106, 79, 125, 48, 128, 80, 99, 110, 155, 152, 56, 111, 87, 96, 94, 118, 129, 153, 115, 109, 251, 92, 62, 57, 73, 107, 181, 52, 63, 151, 104, 106, 75, 27, 74, 107, 127, 60, 28, 90, 48, 57, 82, 142, 72, 105, 40, 91, 175, 9, 26, 139, 110, 73, 96, 129, 98, 109, 102, 128, 131, 82, 99, 105, 90, 63, 69, 137, 84, 120, 91, 64, 46, 106, 113, 173, 38, 132, 127, 87, 58, 54, 75, 116, 110, 36, 108, 121, 135, 76, 101, 124, 98, 78, 67, 184, 35, 122, 65, 28, 168, 131, 133, 100, 135, 89, 101, 25, 200, 137, 162, 18, 116, 116, 83, 57, 61, 158, 83, 134, 101, 95, 146, 232, 127, 123, 53, 34, 110, 28, 192, 38, 55, 158, 56, 99, 133, 161, 57, 62, 17, 36, 160, 52, 16, 81, 98, 174, 148, 145, 80, 130, 169, 135, 139, 91, 54, 108, 155, 126, 37, 88, 88, 104, 88, 14, 50, 156, 127, 223, 49, 84, 73, 104, 93, 112, 109, 60, 111, 119, 58, 109, 58, 22, 47, 190, 16, 91, 98, 100, 82, 139, 121, 149, 129, 132, 44, 53, 128, 100, 72, 95], [140, 144, 139, 0, 155, 151, 171, 104, 44, 54, 162, 143, 108, 70, 163, 155, 58, 54, 63, 124, 142, 54, 112, 92, 101, 107, 162, 122, 131, 92, 116, 65, 149, 129, 95, 121, 43, 165, 159, 81, 190, 131, 126, 171, 151, 135, 87, 45, 115, 83, 92, 95, 156, 66, 105, 180, 135, 164, 174, 31, 127, 75, 195, 82, 55, 116, 124, 180, 112, 93, 169, 157, 143, 285, 51, 129, 53, 183, 148, 82, 231, 157, 94, 42, 30, 92, 117, 170, 205, 164, 149, 60, 46, 113, 90, 121, 108, 72, 219, 70, 182, 249, 60, 102, 207, 130, 186, 76, 132, 164, 205, 52, 113, 100, 140, 56, 35, 60, 101, 166, 192, 69, 60, 85, 135, 90, 116, 151, 62, 146, 131, 236, 142, 127, 107, 135, 145, 70, 129, 66, 125, 129, 42, 33, 134, 99, 129, 201, 40, 204, 132, 147, 92, 117, 161, 158, 57, 148, 126, 60, 106, 187, 108, 97, 13, 54, 133, 85, 185, 135, 33, 137, 32, 183, 67, 64, 41, 142, 67, 100, 119, 45, 165, 53, 143, 132, 103, 9, 62, 40, 150, 52, 41, 162, 132, 158, 97, 156, 132, 173, 57, 131, 156, 160, 114, 73, 42, 152, 50, 166, 145, 142, 92, 120, 166, 112, 127, 121, 100, 171, 122, 161, 24, 181, 82, 99, 135, 103, 92, 181, 123, 120, 59, 112, 80, 117, 194, 58, 167, 122, 156, 168, 164, 72, 174, 78, 107, 147, 102, 223, 54, 148, 145, 151, 255, 159, 109, 144, 99, 46, 47, 124, 66, 97, 54, 48, 110, 99, 82, 117, 133, 125, 134, 63, 120, 76, 62, 53, 49, 80, 57, 186, 129, 91, 173, 157, 67, 95], [77, 72, 19, 155, 0, 71, 85, 54, 114, 103, 144, 27, 110, 120, 134, 78, 100, 101, 161, 81, 81, 102, 115, 146, 54, 124, 53, 79, 91, 146, 42, 90, 205, 80, 85, 126, 114, 59, 136, 109, 39, 81, 86, 64, 15, 61, 121, 121, 75, 140, 98, 120, 208, 116, 127, 79, 163, 218, 91, 153, 41, 113, 42, 140, 116, 48, 178, 79, 93, 153, 77, 67, 25, 138, 109, 49, 116, 32, 61, 124, 85, 212, 117, 116, 145, 85, 95, 66, 112, 35, 116, 95, 112, 99, 144, 140, 48, 102, 68, 90, 81, 99, 120, 141, 102, 97, 239, 84, 51, 44, 54, 107, 171, 55, 51, 166, 121, 100, 65, 31, 60, 98, 118, 71, 41, 80, 40, 45, 95, 130, 61, 86, 28, 80, 165, 22, 13, 130, 98, 91, 85, 117, 113, 124, 90, 117, 119, 68, 117, 92, 79, 51, 66, 125, 71, 108, 101, 52, 35, 100, 103, 161, 48, 122, 142, 102, 71, 72, 62, 104, 125, 24, 123, 108, 126, 94, 116, 112, 93, 68, 56, 200, 47, 115, 53, 23, 157, 146, 128, 115, 123, 104, 116, 15, 190, 125, 151, 13, 104, 103, 98, 46, 48, 146, 72, 124, 116, 83, 161, 220, 115, 111, 63, 36, 98, 46, 180, 34, 56, 146, 45, 86, 149, 148, 75, 59, 22, 54, 150, 38, 34, 70, 99, 162, 138, 133, 66, 134, 157, 123, 127, 78, 41, 98, 143, 116, 49, 76, 78, 90, 103, 27, 38, 144, 108, 211, 46, 72, 63, 112, 108, 100, 101, 60, 106, 121, 47, 99, 73, 40, 35, 178, 22, 94, 87, 91, 95, 154, 127, 140, 131, 119, 32, 64, 116, 88, 90, 85], [12, 7, 83, 151, 71, 0, 21, 58, 107, 98, 74, 44, 47, 85, 64, 8, 95, 98, 154, 27, 11, 99, 45, 76, 51, 54, 18, 29, 23, 76, 61, 87, 135, 22, 56, 56, 112, 14, 66, 72, 46, 20, 26, 20, 56, 19, 67, 114, 36, 83, 61, 60, 138, 88, 57, 29, 93, 148, 23, 148, 32, 79, 62, 81, 102, 36, 108, 29, 39, 124, 18, 6, 46, 134, 100, 25, 106, 44, 10, 73, 80, 142, 61, 109, 142, 60, 36, 19, 54, 36, 46, 92, 106, 40, 74, 70, 44, 80, 70, 82, 31, 98, 104, 71, 56, 27, 169, 76, 22, 27, 54, 99, 108, 52, 21, 160, 118, 91, 52, 102, 41, 82, 95, 68, 111, 61, 38, 26, 91, 60, 21, 85, 43, 24, 102, 74, 58, 103, 28, 89, 27, 47, 110, 118, 20, 56, 49, 50, 115, 53, 19, 20, 61, 55, 10, 38, 96, 19, 38, 91, 48, 91, 48, 59, 139, 99, 141, 70, 34, 34, 118, 47, 120, 39, 92, 92, 111, 42, 85, 53, 33, 195, 118, 105, 18, 55, 87, 142, 118, 112, 53, 101, 111, 86, 120, 55, 81, 84, 34, 34, 95, 27, 24, 76, 37, 83, 110, 13, 155, 150, 45, 41, 60, 50, 28, 64, 110, 46, 52, 76, 32, 16, 146, 79, 73, 54, 66, 68, 100, 35, 77, 32, 93, 92, 94, 63, 43, 126, 87, 53, 57, 17, 30, 79, 73, 76, 49, 6, 49, 72, 98, 97, 33, 74, 104, 141, 45, 7, 54, 105, 105, 31, 85, 56, 97, 112, 42, 54, 70, 73, 36, 108, 67, 89, 31, 75, 91, 147, 120, 111, 122, 50, 40, 61, 46, 18, 88, 56], [31, 27, 98, 171, 85, 21, 0, 75, 127, 118, 62, 60, 65, 105, 52, 16, 115, 118, 174, 47, 29, 119, 62, 86, 71, 67, 32, 49, 41, 86, 77, 107, 125, 42, 76, 54, 132, 26, 54, 92, 61, 40, 46, 22, 70, 39, 86, 134, 56, 101, 81, 78, 126, 108, 69, 11, 81, 136, 6, 168, 48, 99, 76, 99, 122, 56, 96, 11, 59, 144, 8, 18, 62, 116, 120, 45, 126, 58, 26, 92, 62, 130, 79, 129, 162, 80, 55, 19, 35, 50, 31, 112, 126, 59, 88, 59, 64, 100, 81, 102, 13, 80, 124, 75, 38, 42, 157, 96, 42, 41, 55, 119, 125, 72, 37, 180, 138, 111, 72, 116, 29, 102, 115, 88, 126, 81, 58, 42, 111, 48, 41, 68, 59, 44, 119, 89, 73, 123, 43, 109, 47, 45, 130, 138, 38, 74, 46, 32, 135, 35, 39, 36, 81, 57, 14, 23, 116, 35, 54, 111, 68, 79, 68, 77, 159, 119, 156, 90, 26, 37, 138, 63, 140, 24, 112, 112, 131, 32, 105, 73, 53, 215, 132, 125, 34, 71, 87, 162, 138, 132, 41, 121, 131, 100, 131, 40, 84, 98, 40, 18, 115, 43, 38, 64, 57, 102, 130, 19, 175, 138, 34, 31, 80, 66, 13, 80, 98, 62, 72, 64, 52, 10, 166, 64, 93, 74, 81, 84, 119, 50, 93, 52, 113, 79, 113, 60, 25, 146, 75, 52, 45, 7, 44, 99, 59, 96, 69, 25, 69, 54, 118, 112, 49, 62, 86, 129, 65, 27, 74, 125, 125, 48, 105, 76, 117, 132, 62, 74, 90, 89, 52, 96, 82, 109, 51, 95, 111, 167, 140, 131, 142, 35, 56, 81, 31, 14, 108, 76], [63, 58, 36, 104, 54, 58, 75, 0, 82, 71, 129, 42, 93, 102, 119, 66, 60, 50, 111, 65, 67, 51, 98, 129, 23, 108, 62, 63, 75, 129, 12, 39, 188, 64, 67, 110, 62, 65, 121, 91, 90, 65, 69, 72, 50, 46, 102, 89, 58, 122, 80, 102, 193, 97, 111, 82, 148, 202, 81, 102, 27, 95, 95, 122, 96, 32, 161, 82, 75, 134, 71, 59, 42, 187, 86, 34, 94, 83, 49, 106, 133, 196, 99, 78, 94, 67, 78, 72, 107, 64, 101, 44, 70, 82, 127, 125, 28, 83, 119, 68, 84, 150, 101, 125, 109, 82, 224, 64, 36, 64, 105, 79, 153, 24, 40, 115, 70, 78, 47, 63, 94, 79, 99, 32, 56, 62, 20, 51, 54, 115, 46, 137, 41, 64, 147, 32, 44, 111, 83, 39, 68, 102, 62, 73, 76, 100, 104, 103, 65, 106, 63, 47, 41, 109, 63, 94, 63, 48, 25, 78, 85, 146, 10, 104, 91, 51, 86, 20, 87, 89, 78, 36, 72, 97, 107, 42, 65, 97, 70, 50, 39, 149, 63, 94, 43, 31, 140, 95, 105, 64, 108, 53, 65, 60, 172, 110, 134, 53, 89, 90, 47, 32, 56, 131, 55, 106, 69, 69, 110, 204, 100, 96, 25, 18, 84, 8, 164, 20, 27, 131, 29, 74, 98, 134, 23, 34, 32, 10, 132, 81, 21, 54, 70, 146, 120, 117, 96, 102, 142, 108, 112, 70, 64, 80, 128, 98, 9, 62, 60, 125, 55, 45, 44, 129, 157, 196, 21, 58, 45, 76, 57, 84, 81, 32, 83, 91, 30, 81, 22, 16, 32, 162, 32, 63, 70, 72, 54, 103, 93, 121, 101, 106, 28, 25, 102, 74, 38, 67], [96, 100, 110, 44, 114, 107, 127, 82, 0, 11, 118, 101, 64, 26, 119, 111, 22, 42, 47, 80, 98, 36, 68, 52, 60, 63, 119, 78, 87, 52, 86, 44, 110, 85, 51, 77, 74, 121, 115, 37, 147, 87, 82, 127, 110, 91, 43, 7, 71, 44, 48, 51, 116, 22, 61, 136, 91, 125, 130, 41, 85, 31, 152, 43, 16, 75, 84, 136, 68, 54, 125, 113, 101, 241, 7, 87, 14, 140, 104, 38, 187, 118, 50, 4, 66, 48, 73, 126, 161, 121, 105, 42, 13, 69, 50, 77, 67, 28, 176, 26, 138, 205, 21, 58, 163, 86, 147, 32, 89, 121, 161, 9, 74, 59, 97, 53, 59, 16, 58, 131, 148, 25, 20, 51, 137, 46, 75, 108, 28, 102, 87, 192, 100, 83, 68, 102, 104, 31, 85, 74, 81, 85, 33, 15, 90, 55, 85, 157, 74, 160, 88, 104, 50, 73, 117, 114, 19, 105, 85, 16, 62, 143, 73, 53, 39, 36, 167, 74, 141, 91, 11, 96, 24, 139, 28, 96, 18, 98, 24, 56, 77, 88, 145, 14, 100, 91, 63, 35, 23, 33, 106, 34, 18, 121, 93, 114, 57, 115, 88, 129, 41, 89, 113, 116, 70, 29, 14, 108, 48, 127, 101, 98, 58, 79, 122, 89, 87, 80, 60, 127, 80, 117, 60, 137, 77, 57, 94, 91, 53, 138, 103, 76, 16, 71, 41, 73, 150, 20, 123, 78, 112, 124, 121, 28, 130, 34, 74, 103, 58, 179, 27, 124, 103, 107, 211, 119, 68, 100, 56, 7, 35, 80, 22, 55, 10, 9, 69, 55, 60, 98, 91, 85, 95, 20, 76, 32, 28, 40, 13, 41, 19, 142, 88, 58, 129, 113, 85, 51], [87, 91, 99, 54, 103, 98, 118, 71, 11, 0, 109, 91, 55, 34, 110, 102, 11, 32, 58, 71, 89, 25, 59, 62, 49, 54, 110, 69, 78, 62, 75, 33, 120, 76, 42, 68, 63, 112, 106, 28, 138, 78, 73, 118, 99, 82, 35, 18, 62, 54, 39, 42, 126, 29, 52, 127, 84, 135, 121, 52, 75, 27, 143, 53, 27, 64, 94, 127, 59, 65, 116, 104, 91, 232, 15, 77, 25, 131, 95, 38, 178, 128, 41, 13, 57, 39, 64, 117, 152, 112, 96, 31, 9, 60, 60, 68, 56, 19, 167, 16, 129, 196, 32, 58, 154, 77, 157, 22, 80, 112, 152, 8, 84, 48, 88, 64, 48, 9, 48, 120, 139, 16, 30, 40, 126, 37, 64, 99, 17, 93, 78, 183, 90, 74, 78, 91, 93, 42, 76, 64, 72, 76, 24, 21, 81, 46, 76, 148, 63, 151, 79, 95, 39, 64, 108, 105, 8, 96, 74, 9, 53, 134, 62, 44, 41, 25, 156, 64, 132, 82, 22, 85, 22, 130, 38, 86, 13, 89, 13, 47, 67, 99, 134, 25, 91, 80, 73, 45, 34, 24, 97, 23, 13, 110, 103, 105, 67, 104, 79, 120, 30, 79, 104, 107, 61, 38, 13, 99, 59, 137, 92, 89, 47, 68, 113, 78, 97, 69, 49, 118, 70, 108, 51, 128, 67, 46, 83, 80, 63, 129, 92, 67, 5, 79, 51, 64, 141, 31, 114, 69, 103, 115, 112, 19, 121, 30, 63, 94, 49, 170, 16, 113, 93, 98, 202, 129, 57, 91, 46, 9, 25, 71, 13, 44, 12, 20, 58, 46, 49, 87, 81, 95, 84, 9, 67, 23, 17, 51, 24, 52, 30, 133, 77, 47, 120, 104, 75, 42], [67, 72, 156, 162, 144, 74, 62, 129, 118, 109, 0, 117, 54, 94, 11, 68, 107, 111, 164, 65, 63, 111, 50, 74, 106, 55, 91, 67, 54, 74, 133, 103, 108, 66, 69, 41, 134, 87, 8, 81, 120, 65, 60, 84, 129, 84, 75, 125, 72, 89, 71, 67, 64, 97, 57, 68, 30, 82, 56, 159, 104, 88, 135, 87, 112, 98, 55, 68, 59, 133, 70, 79, 119, 131, 111, 96, 116, 117, 83, 81, 77, 94, 68, 120, 155, 72, 56, 81, 48, 109, 31, 105, 117, 52, 76, 42, 101, 90, 143, 94, 66, 127, 114, 63, 52, 47, 95, 88, 95, 100, 117, 110, 113, 105, 94, 170, 131, 102, 84, 175, 90, 93, 104, 101, 184, 74, 109, 99, 103, 16, 85, 129, 116, 66, 107, 147, 131, 112, 47, 127, 61, 33, 122, 129, 54, 63, 33, 84, 134, 61, 67, 93, 90, 45, 75, 39, 108, 92, 110, 102, 58, 25, 119, 65, 150, 111, 214, 125, 88, 40, 129, 120, 131, 40, 101, 146, 122, 32, 97, 81, 90, 206, 191, 115, 91, 128, 75, 153, 128, 124, 22, 113, 122, 159, 119, 22, 71, 157, 42, 44, 108, 99, 97, 2, 74, 91, 121, 63, 165, 84, 29, 33, 106, 122, 49, 136, 52, 118, 102, 9, 101, 61, 158, 21, 127, 95, 139, 139, 107, 109, 150, 76, 104, 55, 102, 46, 84, 136, 13, 40, 17, 69, 103, 90, 14, 85, 120, 68, 73, 69, 110, 170, 106, 11, 101, 67, 108, 72, 86, 116, 118, 49, 96, 97, 108, 122, 99, 64, 111, 145, 109, 52, 140, 101, 60, 87, 103, 157, 131, 120, 132, 29, 113, 106, 32, 58, 136, 69], [50, 45, 39, 143, 27, 44, 60, 42, 101, 91, 117, 0, 83, 94, 107, 52, 88, 89, 148, 54, 54, 90, 88, 119, 42, 97, 28, 52, 64, 119, 30, 78, 178, 53, 58, 99, 103, 34, 109, 82, 49, 54, 59, 39, 12, 34, 94, 108, 48, 114, 72, 94, 181, 90, 100, 54, 136, 191, 66, 141, 16, 87, 53, 114, 96, 27, 151, 54, 66, 127, 52, 42, 2, 147, 94, 22, 100, 42, 34, 98, 93, 185, 91, 103, 133, 59, 68, 41, 87, 22, 89, 83, 100, 72, 117, 113, 35, 77, 78, 76, 56, 109, 98, 114, 77, 70, 212, 70, 24, 24, 64, 93, 144, 43, 24, 154, 109, 85, 45, 58, 54, 76, 93, 59, 67, 57, 27, 18, 83, 103, 34, 96, 1, 53, 138, 30, 14, 104, 71, 80, 58, 90, 101, 112, 63, 90, 92, 63, 106, 67, 52, 24, 52, 98, 46, 81, 89, 25, 17, 85, 77, 134, 36, 95, 130, 90, 97, 61, 47, 77, 112, 7, 111, 83, 100, 83, 104, 85, 79, 45, 29, 188, 74, 99, 26, 11, 130, 134, 112, 103, 96, 92, 104, 42, 163, 98, 124, 40, 77, 77, 86, 19, 22, 119, 45, 98, 104, 56, 149, 193, 88, 84, 51, 24, 71, 34, 153, 22, 43, 119, 21, 60, 137, 122, 64, 45, 22, 43, 124, 40, 33, 43, 86, 135, 112, 106, 56, 120, 130, 96, 100, 53, 23, 75, 116, 90, 37, 49, 51, 85, 91, 53, 11, 117, 117, 184, 34, 45, 46, 99, 96, 73, 79, 47, 91, 106, 33, 72, 61, 29, 10, 151, 23, 82, 60, 69, 83, 141, 114, 114, 116, 93, 14, 52, 89, 61, 79, 58], [35, 40, 121, 108, 110, 47, 65, 93, 64, 55, 54, 83, 0, 40, 56, 50, 54, 61, 110, 29, 37, 58, 5, 37, 70, 15, 59, 31, 25, 37, 97, 61, 96, 31, 27, 17, 91, 61, 51, 27, 88, 31, 25, 67, 95, 49, 21, 71, 35, 36, 18, 13, 101, 43, 18, 76, 56, 110, 68, 105, 69, 34, 101, 34, 58, 62, 69, 76, 19, 79, 65, 53, 85, 181, 57, 61, 62, 85, 50, 27, 127, 104, 14, 66, 102, 26, 15, 66, 99, 75, 42, 59, 63, 11, 35, 32, 65, 36, 117, 41, 78, 145, 60, 32, 103, 23, 132, 35, 60, 67, 101, 56, 62, 69, 59, 116, 79, 48, 47, 140, 88, 39, 50, 64, 149, 31, 73, 65, 50, 38, 49, 132, 82, 30, 56, 112, 97, 58, 22, 90, 26, 21, 69, 75, 28, 9, 21, 97, 92, 100, 32, 59, 52, 16, 57, 51, 54, 58, 75, 48, 8, 79, 83, 13, 96, 58, 179, 89, 81, 28, 75, 86, 77, 77, 47, 110, 68, 35, 43, 43, 54, 152, 156, 61, 57, 93, 48, 99, 74, 71, 43, 60, 68, 124, 81, 51, 42, 122, 25, 67, 59, 64, 62, 52, 38, 37, 67, 46, 111, 112, 38, 35, 70, 87, 59, 100, 72, 83, 66, 63, 65, 55, 105, 74, 91, 59, 104, 103, 54, 78, 114, 40, 50, 53, 48, 24, 90, 82, 59, 15, 49, 63, 70, 36, 67, 31, 84, 42, 34, 119, 57, 135, 72, 43, 151, 104, 72, 40, 49, 62, 65, 17, 42, 61, 54, 68, 63, 13, 74, 109, 75, 70, 105, 48, 23, 34, 50, 103, 77, 66, 78, 79, 78, 70, 66, 51, 100, 27], [74, 78, 130, 70, 120, 85, 105, 102, 26, 34, 94, 94, 40, 0, 96, 89, 45, 66, 70, 58, 76, 59, 44, 28, 79, 39, 97, 56, 65, 28, 106, 67, 87, 63, 36, 53, 97, 99, 91, 14, 126, 65, 60, 105, 106, 70, 19, 31, 50, 20, 25, 27, 92, 5, 37, 114, 66, 101, 108, 65, 80, 7, 131, 20, 18, 72, 60, 114, 46, 39, 103, 91, 96, 219, 19, 72, 22, 119, 82, 13, 165, 95, 26, 28, 90, 35, 51, 104, 139, 100, 82, 65, 37, 47, 26, 53, 76, 19, 155, 35, 116, 183, 20, 33, 141, 63, 123, 38, 72, 100, 139, 26, 51, 78, 76, 76, 82, 25, 56, 150, 126, 23, 10, 73, 158, 40, 84, 87, 51, 78, 66, 170, 93, 61, 45, 121, 107, 18, 62, 98, 59, 61, 57, 39, 68, 31, 61, 135, 97, 138, 66, 83, 61, 49, 95, 91, 42, 84, 85, 25, 38, 119, 92, 29, 63, 59, 188, 98, 119, 68, 37, 96, 47, 117, 7, 119, 42, 75, 33, 52, 65, 112, 165, 21, 79, 104, 39, 61, 34, 57, 83, 57, 42, 134, 70, 91, 33, 133, 65, 107, 64, 75, 92, 92, 50, 4, 37, 86, 71, 103, 78, 75, 79, 97, 99, 109, 63, 93, 75, 103, 76, 95, 84, 114, 100, 68, 113, 112, 30, 116, 123, 55, 35, 46, 18, 49, 128, 42, 99, 54, 89, 102, 100, 23, 107, 9, 93, 81, 43, 157, 50, 144, 85, 83, 189, 95, 83, 78, 58, 30, 59, 57, 22, 70, 22, 28, 74, 31, 83, 118, 86, 61, 114, 42, 54, 30, 51, 63, 37, 26, 38, 119, 88, 79, 106, 91, 109, 36], [57, 62, 146, 163, 134, 64, 52, 119, 119, 110, 11, 107, 56, 96, 0, 58, 107, 110, 166, 55, 53, 111, 52, 76, 96, 57, 81, 57, 44, 76, 123, 101, 110, 56, 68, 43, 127, 77, 5, 83, 110, 55, 50, 74, 119, 74, 77, 126, 62, 91, 73, 69, 74, 99, 59, 58, 32, 85, 46, 160, 94, 90, 125, 89, 114, 88, 57, 58, 51, 135, 60, 69, 109, 129, 112, 86, 118, 107, 73, 83, 75, 96, 70, 121, 154, 72, 46, 71, 46, 99, 21, 104, 118, 50, 78, 44, 91, 92, 133, 94, 56, 117, 116, 65, 50, 37, 105, 88, 85, 90, 107, 111, 115, 95, 84, 172, 130, 103, 74, 165, 80, 94, 106, 91, 174, 73, 99, 89, 103, 18, 75, 119, 106, 56, 109, 137, 121, 114, 37, 117, 51, 35, 122, 130, 44, 65, 35, 74, 130, 50, 57, 83, 80, 47, 65, 29, 108, 82, 100, 103, 59, 27, 109, 67, 151, 111, 204, 115, 78, 30, 130, 110, 132, 30, 103, 136, 123, 22, 97, 71, 80, 207, 181, 117, 81, 118, 77, 154, 130, 124, 13, 113, 123, 149, 121, 12, 73, 147, 32, 34, 107, 89, 87, 13, 64, 93, 122, 53, 167, 87, 19, 23, 96, 112, 39, 126, 54, 108, 92, 12, 91, 51, 158, 19, 117, 85, 129, 129, 109, 99, 140, 66, 105, 57, 104, 48, 74, 138, 23, 42, 7, 59, 93, 91, 12, 87, 110, 58, 63, 67, 110, 160, 96, 13, 99, 77, 98, 62, 76, 117, 117, 39, 97, 87, 109, 124, 89, 66, 101, 135, 99, 54, 130, 101, 50, 87, 103, 159, 132, 122, 134, 26, 103, 96, 22, 48, 126, 68], [16, 11, 91, 155, 78, 8, 16, 66, 111, 102, 68, 52, 50, 89, 58, 0, 99, 102, 158, 31, 14, 103, 47, 74, 55, 54, 25, 33, 26, 74, 69, 91, 130, 26, 60, 50, 116, 19, 60, 76, 54, 24, 30, 17, 63, 23, 71, 118, 40, 86, 65, 63, 132, 92, 56, 26, 87, 142, 19, 152, 40, 83, 69, 84, 106, 40, 102, 26, 43, 128, 15, 11, 54, 131, 104, 32, 110, 51, 18, 77, 77, 136, 64, 113, 146, 64, 40, 16, 51, 43, 38, 96, 110, 44, 74, 64, 48, 84, 75, 86, 28, 95, 108, 66, 53, 27, 163, 80, 30, 34, 51, 103, 111, 56, 29, 164, 122, 95, 56, 109, 38, 86, 99, 72, 119, 65, 46, 34, 95, 54, 25, 82, 51, 28, 106, 82, 66, 107, 28, 93, 31, 41, 114, 122, 23, 59, 43, 47, 119, 50, 23, 28, 65, 49, 7, 30, 100, 27, 46, 95, 52, 85, 56, 63, 143, 103, 149, 74, 31, 28, 122, 55, 124, 31, 96, 96, 115, 36, 89, 57, 37, 199, 125, 109, 26, 63, 82, 146, 122, 116, 47, 105, 115, 93, 119, 47, 76, 91, 28, 26, 99, 35, 31, 70, 41, 87, 114, 5, 159, 144, 39, 35, 64, 58, 20, 72, 104, 54, 56, 70, 37, 8, 150, 71, 77, 58, 74, 76, 104, 43, 85, 36, 97, 86, 98, 57, 40, 130, 81, 47, 51, 13, 37, 83, 66, 80, 57, 9, 53, 69, 102, 105, 41, 68, 101, 135, 49, 11, 58, 109, 109, 33, 89, 60, 101, 116, 46, 58, 74, 81, 44, 102, 75, 93, 35, 79, 95, 151, 124, 115, 126, 42, 48, 65, 38, 10, 92, 60], [84, 88, 88, 58, 100, 95, 115, 60, 22, 11, 107, 88, 54, 45, 107, 99, 0, 21, 62, 68, 86, 14, 57, 73, 46, 54, 107, 66, 75, 73, 64, 22, 131, 73, 39, 66, 52, 109, 103, 34, 135, 75, 70, 115, 96, 79, 45, 29, 59, 65, 36, 47, 137, 40, 57, 124, 94, 146, 118, 56, 72, 38, 140, 64, 38, 61, 105, 124, 56, 76, 113, 101, 88, 229, 26, 74, 36, 128, 92, 49, 175, 139, 44, 18, 48, 36, 61, 114, 149, 109, 93, 20, 12, 57, 71, 71, 53, 26, 164, 13, 126, 193, 43, 69, 151, 74, 168, 19, 77, 109, 149, 19, 95, 45, 85, 67, 37, 20, 45, 111, 136, 22, 41, 29, 115, 34, 61, 96, 6, 91, 75, 180, 87, 71, 89, 80, 90, 53, 73, 53, 69, 74, 16, 25, 78, 46, 74, 145, 52, 148, 76, 92, 36, 62, 105, 102, 3, 93, 71, 20, 50, 131, 53, 49, 45, 14, 145, 53, 129, 79, 25, 82, 26, 127, 49, 75, 17, 86, 13, 44, 64, 103, 123, 36, 88, 77, 84, 49, 45, 18, 94, 12, 17, 107, 114, 102, 78, 101, 76, 117, 19, 76, 101, 105, 58, 49, 16, 96, 62, 148, 89, 86, 37, 65, 110, 67, 108, 66, 45, 115, 67, 105, 52, 125, 56, 43, 80, 69, 74, 126, 81, 64, 10, 90, 62, 64, 138, 42, 112, 67, 100, 112, 109, 23, 118, 41, 52, 91, 46, 167, 5, 102, 90, 96, 199, 140, 54, 88, 43, 16, 14, 68, 23, 41, 23, 31, 55, 43, 38, 76, 78, 106, 79, 6, 64, 20, 6, 54, 33, 63, 41, 130, 74, 36, 117, 101, 64, 39], [87, 91, 86, 54, 101, 98, 118, 50, 42, 32, 111, 89, 61, 66, 110, 102, 21, 0, 70, 71, 89, 7, 66, 94, 47, 74, 108, 69, 78, 94, 62, 11, 152, 76, 42, 78, 32, 111, 106, 55, 136, 78, 73, 118, 97, 81, 66, 49, 62, 86, 47, 68, 158, 61, 77, 127, 115, 167, 121, 52, 73, 59, 141, 85, 58, 62, 126, 127, 59, 96, 116, 104, 89, 232, 47, 75, 56, 129, 94, 70, 178, 160, 65, 38, 44, 39, 64, 117, 152, 110, 96, 6, 29, 60, 92, 92, 54, 47, 165, 31, 129, 196, 63, 90, 154, 77, 189, 30, 78, 110, 151, 40, 116, 46, 86, 65, 20, 41, 47, 112, 139, 43, 62, 31, 95, 37, 62, 97, 15, 95, 77, 183, 88, 74, 110, 81, 91, 73, 76, 32, 72, 78, 12, 29, 81, 66, 78, 148, 32, 151, 79, 93, 38, 77, 108, 105, 24, 94, 72, 41, 54, 134, 54, 70, 41, 7, 125, 32, 132, 82, 38, 83, 22, 130, 70, 54, 24, 89, 34, 47, 65, 99, 112, 56, 89, 78, 105, 45, 65, 14, 97, 9, 24, 108, 135, 105, 99, 102, 79, 120, 3, 77, 102, 109, 61, 70, 29, 99, 60, 169, 92, 89, 38, 66, 113, 58, 129, 67, 46, 118, 68, 108, 48, 128, 35, 45, 81, 50, 95, 127, 70, 67, 31, 111, 83, 84, 141, 62, 117, 76, 103, 115, 110, 44, 121, 62, 53, 94, 49, 170, 16, 95, 91, 101, 202, 161, 55, 91, 45, 36, 7, 71, 44, 43, 44, 51, 56, 48, 28, 64, 79, 127, 80, 24, 67, 37, 15, 60, 53, 83, 61, 133, 75, 37, 120, 104, 43, 42], [143, 147, 147, 63, 161, 154, 174, 111, 47, 58, 164, 148, 110, 70, 166, 158, 62, 70, 0, 127, 145, 64, 114, 92, 107, 109, 166, 125, 134, 92, 123, 72, 88, 132, 98, 123, 102, 168, 161, 83, 194, 134, 129, 174, 157, 138, 89, 40, 118, 78, 94, 97, 137, 67, 107, 183, 136, 103, 177, 32, 132, 76, 199, 79, 52, 122, 114, 183, 115, 33, 172, 160, 148, 288, 54, 134, 48, 187, 151, 83, 234, 96, 96, 46, 93, 95, 120, 173, 208, 168, 152, 71, 50, 116, 90, 123, 114, 75, 223, 73, 185, 252, 52, 103, 210, 133, 125, 79, 136, 168, 208, 56, 57, 106, 144, 7, 87, 63, 105, 173, 195, 72, 60, 91, 165, 93, 122, 155, 67, 148, 134, 239, 147, 130, 62, 142, 151, 54, 132, 102, 128, 131, 61, 42, 137, 101, 131, 204, 102, 207, 135, 151, 97, 119, 164, 161, 61, 152, 132, 63, 108, 189, 115, 99, 64, 64, 195, 102, 188, 138, 37, 143, 51, 186, 64, 124, 46, 145, 71, 103, 124, 42, 173, 49, 147, 138, 94, 54, 37, 61, 153, 62, 46, 168, 71, 161, 96, 162, 135, 176, 69, 136, 160, 162, 117, 73, 46, 155, 13, 105, 148, 145, 99, 126, 169, 119, 117, 127, 107, 173, 127, 164, 87, 184, 105, 104, 141, 119, 60, 185, 131, 123, 63, 112, 65, 119, 197, 28, 169, 124, 159, 171, 168, 75, 177, 79, 114, 150, 105, 226, 59, 156, 150, 153, 258, 126, 115, 147, 103, 50, 63, 127, 69, 102, 57, 42, 116, 101, 89, 126, 138, 117, 141, 67, 123, 79, 67, 11, 34, 46, 32, 189, 135, 98, 176, 160, 113, 98], [16, 20, 92, 124, 81, 27, 47, 65, 80, 71, 65, 54, 29, 58, 55, 31, 68, 71, 127, 0, 18, 72, 34, 66, 42, 44, 39, 2, 11, 66, 69, 61, 125, 5, 29, 46, 86, 41, 57, 45, 68, 7, 5, 47, 66, 20, 41, 87, 9, 61, 34, 40, 129, 61, 47, 56, 84, 139, 50, 121, 40, 52, 74, 60, 75, 34, 98, 56, 12, 97, 45, 33, 56, 161, 73, 32, 79, 62, 24, 46, 107, 133, 37, 82, 115, 33, 14, 46, 81, 47, 37, 65, 79, 18, 64, 61, 37, 53, 97, 55, 58, 125, 77, 61, 83, 18, 160, 49, 31, 43, 81, 72, 90, 41, 30, 133, 91, 64, 25, 111, 68, 55, 68, 42, 120, 34, 45, 36, 64, 51, 20, 112, 53, 3, 84, 83, 68, 76, 19, 64, 4, 38, 83, 91, 12, 36, 40, 77, 89, 80, 8, 30, 34, 45, 37, 35, 69, 29, 46, 64, 23, 82, 55, 41, 112, 72, 150, 61, 61, 25, 91, 57, 93, 59, 65, 82, 84, 33, 58, 26, 26, 168, 127, 78, 28, 65, 77, 115, 91, 85, 44, 74, 84, 95, 109, 46, 71, 94, 25, 49, 68, 35, 35, 67, 10, 56, 83, 28, 128, 141, 36, 32, 42, 58, 42, 72, 101, 54, 38, 67, 37, 37, 119, 70, 63, 31, 75, 75, 73, 58, 86, 11, 66, 82, 67, 53, 70, 99, 78, 44, 48, 44, 43, 52, 64, 49, 56, 23, 22, 99, 71, 106, 43, 65, 131, 132, 44, 20, 27, 78, 78, 20, 58, 33, 70, 85, 35, 27, 46, 81, 46, 99, 76, 62, 6, 48, 64, 120, 93, 84, 95, 63, 49, 42, 50, 33, 72, 29]]
}