inst13 = {
    'm': 3,
    'n': 47,
    'l': [300, 200, 200],
    's': [12, 8, 16, 5, 12, 5, 13, 20, 13, 18, 7, 6, 9, 9, 4, 25, 5, 17, 3, 16, 25, 21, 14, 19, 14, 6, 16, 9, 20, 13, 10, 16, 19, 22, 14, 10, 11, 15, 13, 15, 8, 22, 24, 3, 25, 19, 21],
    'min_dist': 14,
    'max_dist': 6580,
    'min_solu': 292,
    'time': 31,
    'at_least_one': 1,
    'min_load': 3,
    'max_load': 300,
    'distances': [[0, 60, 141, 22, 41, 137, 77, 48, 92, 105, 113, 103, 82, 15, 79, 24, 98, 69, 82, 30, 105, 89, 57, 94, 75, 50, 127, 16, 36, 77, 57, 70, 51, 101, 88, 38, 83, 108, 81, 124, 54, 131, 99, 70, 112, 162, 94, 64], [60, 0, 83, 82, 99, 81, 53, 106, 34, 61, 57, 43, 140, 63, 23, 56, 84, 59, 142, 88, 45, 79, 27, 34, 33, 46, 107, 58, 94, 17, 29, 26, 109, 51, 34, 30, 45, 48, 23, 64, 50, 73, 41, 26, 68, 104, 34, 36], [141, 83, 0, 129, 182, 4, 64, 189, 63, 36, 28, 126, 223, 126, 106, 139, 167, 142, 125, 171, 128, 52, 110, 117, 116, 129, 24, 125, 177, 100, 84, 71, 192, 40, 53, 103, 58, 131, 90, 147, 87, 70, 100, 71, 29, 101, 117, 77]]
}