inst18 = {
    'm': 20,
    'n': 191,
    'l': [190, 185, 185, 190, 195, 185, 190, 180, 185, 190, 175, 180, 185, 190, 180, 175, 180, 195, 185, 180],
    's': [11, 11, 23, 16, 16, 2, 1, 25, 24, 14, 6, 20, 10, 11, 2, 22, 2, 12, 9, 21, 10, 13, 25, 9, 19, 22, 4, 4, 7, 20, 17, 19, 12, 2, 13, 24, 22, 17, 19, 4, 12, 22, 2, 19, 3, 5, 22, 6, 9, 8, 24, 15, 16, 9, 1, 18, 17, 18, 2, 25, 21, 19, 10, 2, 21, 20, 21, 2, 6, 2, 12, 12, 5, 5, 8, 15, 8, 7, 14, 18, 17, 5, 6, 9, 24, 13, 5, 4, 22, 24, 25, 9, 8, 8, 25, 7, 24, 16, 15, 7, 17, 9, 14, 20, 6, 17, 23, 14, 19, 21, 6, 1, 22, 7, 14, 7, 25, 17, 10, 23, 22, 3, 14, 14, 2, 2, 21, 10, 10, 5, 9, 15, 19, 7, 11, 2, 25, 14, 15, 12, 11, 17, 4, 24, 8, 20, 12, 10, 12, 9, 16, 23, 15, 10, 21, 2, 16, 15, 11, 11, 17, 3, 9, 1, 13, 1, 2, 22, 10, 4, 9, 11, 3, 19, 19, 4, 19, 15, 21, 25, 4, 3, 6, 6, 21, 25, 10, 25, 19, 19, 22],
    'min_dist': 8,
    'max_dist': 13273,
    'min_solu': 300,
    'time': 52,
    'at_least_one': 1,
    'min_load': 1,
    'max_load': 195,
    'distances': [[0, 191, 115, 26, 172, 75, 140, 59, 116, 75, 152, 119, 126, 110, 95, 85, 46, 90, 94, 57, 220, 78, 30, 65, 150, 69, 89, 75, 76, 201, 16, 135, 58, 82, 204, 56, 52, 115, 79, 36, 68, 118, 66, 50, 46, 189, 78, 108, 69, 105, 25, 68, 71, 79, 140, 113, 186, 115, 99, 177, 95, 82, 71, 68, 140, 105, 107, 106, 79, 122, 111, 135, 145, 135, 110, 183, 79, 52, 128, 151, 148, 115, 70, 75, 89, 6, 47, 43, 134, 80, 95, 44, 78, 67, 168, 68, 102, 74, 64, 58, 47, 65, 66, 118, 33, 103, 119, 158, 87, 152, 156, 51, 88, 68, 78, 168, 146, 167, 35, 16, 109, 179, 122, 68, 124, 141, 109, 109, 102, 85, 142, 92, 114, 65, 103, 77, 119, 108, 86, 21, 140, 161, 50, 61, 106, 61, 20, 104, 144, 154, 40, 126, 85, 95, 143, 87, 105, 36, 128, 74, 100, 81, 54, 46, 132, 92, 84, 50, 69, 42, 61, 230, 125, 136, 60, 147, 116, 119, 87, 102, 192, 40, 185, 57, 45, 98, 43, 122, 95, 101, 96, 93], [191, 0, 78, 197, 38, 117, 53, 132, 75, 117, 111, 73, 66, 83, 96, 110, 146, 102, 124, 248, 42, 114, 173, 136, 44, 126, 103, 116, 116, 10, 175, 56, 134, 113, 30, 136, 139, 79, 122, 227, 123, 74, 130, 142, 179, 28, 126, 151, 122, 86, 166, 161, 140, 113, 160, 79, 58, 81, 101, 15, 98, 111, 121, 136, 51, 88, 85, 86, 113, 71, 80, 58, 54, 58, 128, 50, 113, 144, 66, 41, 45, 77, 121, 116, 163, 196, 156, 148, 58, 112, 98, 148, 116, 124, 24, 125, 106, 118, 128, 136, 145, 131, 142, 74, 223, 90, 81, 47, 121, 42, 116, 140, 104, 128, 114, 29, 45, 141, 157, 188, 83, 62, 72, 123, 72, 134, 172, 86, 101, 110, 50, 152, 83, 128, 90, 114, 74, 85, 109, 170, 76, 38, 141, 130, 89, 152, 203, 88, 54, 39, 151, 66, 106, 97, 50, 106, 90, 205, 170, 147, 92, 140, 137, 145, 60, 134, 118, 142, 124, 188, 131, 39, 69, 56, 131, 45, 75, 77, 133, 90, 70, 152, 28, 144, 146, 95, 154, 72, 96, 92, 109, 99], [115, 78, 0, 123, 76, 113, 25, 107, 85, 40, 71, 56, 45, 27, 89, 32, 109, 74, 46, 171, 108, 46, 110, 59, 35, 125, 43, 98, 112, 88, 99, 86, 68, 35, 92, 59, 111, 11, 44, 150, 103, 105, 130, 105, 125, 74, 48, 181, 95, 83, 92, 83, 62, 114, 82, 100, 71, 9, 23, 63, 119, 33, 92, 58, 77, 33, 94, 72, 47, 33, 83, 23, 30, 25, 161, 88, 36, 127, 13, 48, 33, 74, 101, 100, 85, 120, 123, 85, 66, 88, 29, 117, 38, 104, 55, 117, 28, 41, 63, 120, 80, 130, 141, 77, 146, 34, 37, 43, 43, 38, 76, 90, 43, 130, 54, 53, 73, 176, 112, 113, 90, 64, 7, 97, 15, 168, 94, 11, 23, 32, 46, 74, 17, 51, 28, 102, 4, 37, 31, 94, 111, 46, 85, 98, 11, 137, 126, 56, 29, 39, 84, 64, 92, 58, 36, 122, 12, 131, 92, 69, 75, 62, 86, 84, 70, 166, 40, 65, 116, 125, 67, 117, 10, 49, 107, 47, 85, 13, 160, 69, 108, 80, 70, 132, 109, 28, 77, 9, 92, 22, 141, 46], [26, 197, 123, 0, 178, 81, 147, 65, 122, 83, 178, 125, 133, 117, 101, 98, 52, 97, 120, 51, 226, 85, 24, 91, 158, 74, 96, 81, 82, 207, 37, 141, 65, 93, 210, 69, 58, 123, 105, 59, 74, 124, 71, 56, 20, 195, 104, 82, 76, 111, 31, 94, 97, 85, 166, 119, 193, 124, 125, 183, 101, 90, 78, 94, 146, 112, 113, 112, 86, 129, 117, 142, 153, 142, 115, 189, 87, 55, 136, 157, 155, 121, 76, 81, 115, 20, 41, 50, 140, 87, 103, 49, 86, 73, 174, 74, 128, 82, 71, 63, 54, 70, 60, 124, 43, 110, 145, 166, 113, 159, 182, 58, 95, 73, 85, 175, 152, 173, 41, 10, 115, 187, 130, 75, 133, 147, 135, 119, 128, 105, 148, 118, 125, 82, 111, 83, 127, 115, 105, 35, 146, 168, 57, 68, 115, 49, 46, 111, 152, 161, 47, 132, 91, 102, 149, 93, 114, 10, 154, 100, 106, 107, 61, 53, 138, 89, 110, 58, 75, 16, 68, 236, 133, 142, 66, 153, 122, 128, 73, 109, 198, 47, 191, 56, 51, 106, 69, 130, 101, 109, 102, 100], [172, 38, 76, 178, 0, 98, 56, 113, 56, 99, 146, 55, 49, 66, 77, 93, 127, 83, 109, 229, 49, 96, 154, 118, 73, 107, 85, 97, 97, 45, 156, 37, 116, 96, 33, 118, 120, 67, 105, 208, 104, 55, 111, 123, 160, 65, 109, 117, 103, 67, 147, 144, 123, 94, 145, 60, 95, 85, 96, 39, 79, 94, 102, 119, 32, 71, 66, 67, 95, 54, 61, 53, 90, 51, 90, 12, 95, 125, 83, 28, 52, 58, 102, 97, 146, 177, 137, 129, 39, 93, 81, 129, 98, 105, 30, 106, 100, 100, 110, 117, 126, 112, 123, 55, 204, 73, 112, 84, 104, 67, 151, 121, 86, 109, 96, 66, 26, 103, 138, 169, 64, 99, 70, 104, 90, 96, 155, 87, 99, 93, 33, 135, 93, 110, 73, 95, 76, 68, 92, 151, 38, 75, 122, 111, 84, 133, 184, 70, 89, 52, 132, 47, 87, 79, 40, 87, 80, 186, 153, 130, 73, 123, 118, 126, 41, 97, 101, 124, 105, 169, 113, 60, 73, 39, 112, 29, 56, 88, 114, 71, 32, 133, 65, 125, 127, 78, 136, 67, 77, 75, 82, 81], [75, 117, 113, 81, 98, 0, 95, 16, 42, 80, 183, 59, 70, 87, 26, 104, 30, 40, 128, 132, 146, 69, 57, 99, 112, 12, 71, 15, 1, 127, 60, 61, 47, 99, 130, 76, 23, 103, 112, 111, 11, 44, 17, 26, 63, 115, 112, 68, 19, 32, 50, 104, 105, 4, 175, 39, 134, 122, 131, 103, 20, 82, 21, 102, 66, 80, 33, 43, 67, 82, 37, 92, 128, 90, 48, 109, 79, 27, 120, 77, 91, 42, 13, 13, 124, 80, 40, 33, 60, 26, 85, 32, 84, 11, 94, 8, 135, 79, 51, 19, 37, 17, 28, 44, 107, 80, 149, 123, 121, 107, 188, 27, 71, 17, 61, 106, 72, 92, 41, 72, 35, 139, 107, 17, 127, 66, 144, 123, 134, 111, 71, 126, 129, 89, 85, 11, 113, 76, 111, 55, 66, 115, 31, 17, 119, 35, 87, 58, 127, 92, 36, 53, 22, 55, 80, 12, 115, 89, 163, 108, 39, 115, 29, 32, 58, 53, 118, 62, 7, 72, 47, 156, 110, 68, 15, 74, 42, 125, 47, 44, 118, 39, 112, 27, 30, 86, 78, 104, 23, 91, 28, 68], [140, 53, 25, 147, 56, 95, 0, 89, 66, 65, 91, 37, 25, 30, 71, 57, 97, 56, 71, 196, 83, 62, 123, 84, 17, 107, 51, 80, 94, 63, 124, 66, 82, 60, 67, 84, 94, 26, 69, 175, 85, 86, 112, 93, 130, 49, 73, 163, 77, 65, 116, 108, 87, 96, 107, 81, 47, 30, 48, 38, 100, 58, 74, 83, 57, 35, 75, 53, 61, 18, 64, 5, 34, 5, 143, 68, 61, 110, 29, 28, 8, 55, 83, 82, 110, 145, 110, 97, 46, 70, 45, 102, 63, 86, 30, 99, 53, 66, 76, 102, 93, 112, 123, 58, 171, 37, 58, 28, 68, 13, 97, 91, 52, 112, 62, 28, 53, 157, 108, 138, 71, 44, 19, 79, 36, 149, 119, 33, 48, 57, 26, 99, 38, 76, 37, 84, 21, 32, 56, 119, 92, 22, 91, 82, 36, 119, 151, 37, 33, 14, 100, 45, 74, 46, 16, 104, 37, 155, 117, 94, 57, 87, 87, 94, 50, 148, 65, 90, 98, 138, 79, 92, 19, 29, 89, 27, 66, 34, 142, 51, 88, 100, 45, 115, 98, 42, 102, 19, 74, 39, 123, 47], [59, 132, 107, 65, 113, 16, 89, 0, 57, 73, 177, 60, 69, 81, 36, 97, 14, 34, 121, 116, 161, 62, 41, 92, 106, 20, 65, 16, 17, 142, 44, 76, 41, 92, 145, 70, 7, 97, 105, 95, 9, 59, 25, 10, 47, 130, 105, 76, 12, 46, 34, 98, 98, 20, 168, 54, 131, 116, 125, 118, 36, 75, 15, 95, 81, 74, 48, 47, 60, 76, 52, 86, 122, 84, 56, 124, 72, 21, 114, 92, 91, 56, 11, 16, 117, 64, 24, 25, 75, 22, 78, 16, 77, 8, 109, 11, 128, 72, 44, 14, 29, 25, 35, 59, 91, 74, 143, 117, 114, 101, 182, 18, 65, 25, 54, 110, 87, 108, 25, 56, 50, 133, 101, 10, 121, 82, 137, 117, 128, 104, 83, 119, 123, 83, 79, 18, 107, 70, 104, 39, 81, 110, 23, 9, 113, 31, 71, 52, 121, 96, 28, 67, 26, 49, 84, 28, 109, 73, 156, 101, 41, 108, 21, 24, 73, 61, 111, 56, 10, 56, 40, 171, 104, 77, 1, 88, 57, 119, 55, 44, 133, 31, 126, 26, 14, 80, 72, 98, 36, 85, 37, 62], [116, 75, 85, 122, 56, 42, 66, 57, 0, 54, 155, 29, 41, 59, 21, 77, 71, 27, 100, 173, 104, 44, 98, 73, 83, 51, 44, 41, 41, 85, 100, 19, 61, 73, 88, 64, 64, 75, 86, 152, 48, 20, 55, 67, 104, 77, 86, 99, 47, 11, 91, 90, 79, 38, 148, 15, 105, 94, 103, 61, 34, 56, 46, 76, 24, 52, 10, 15, 42, 54, 5, 63, 100, 61, 77, 67, 53, 69, 92, 39, 62, 11, 46, 41, 99, 121, 81, 73, 21, 37, 58, 73, 58, 49, 52, 50, 107, 53, 54, 61, 70, 56, 67, 8, 148, 52, 121, 94, 94, 77, 160, 65, 44, 53, 41, 76, 30, 91, 82, 113, 8, 109, 79, 48, 99, 83, 118, 95, 106, 83, 40, 100, 101, 64, 57, 39, 85, 48, 83, 95, 26, 85, 66, 55, 91, 77, 128, 30, 99, 62, 76, 22, 31, 28, 50, 38, 87, 130, 137, 83, 17, 89, 62, 70, 17, 82, 91, 69, 49, 113, 57, 114, 82, 37, 56, 40, 0, 97, 78, 17, 76, 77, 77, 69, 71, 58, 82, 76, 21, 63, 57, 41], [75, 117, 40, 83, 99, 80, 65, 73, 54, 0, 105, 44, 51, 35, 57, 24, 75, 41, 48, 132, 147, 11, 75, 19, 75, 92, 14, 65, 79, 127, 59, 64, 34, 19, 131, 19, 77, 40, 32, 111, 70, 74, 97, 71, 91, 114, 32, 148, 62, 51, 57, 45, 25, 81, 95, 69, 111, 45, 52, 102, 87, 7, 59, 22, 67, 30, 63, 40, 13, 47, 51, 60, 70, 60, 128, 110, 4, 93, 53, 76, 73, 44, 68, 67, 47, 80, 89, 51, 60, 54, 20, 83, 4, 70, 93, 84, 55, 1, 29, 87, 46, 97, 107, 47, 107, 28, 71, 83, 41, 77, 110, 56, 13, 97, 20, 93, 73, 145, 78, 73, 59, 104, 47, 64, 50, 136, 64, 45, 55, 31, 67, 46, 51, 11, 28, 69, 44, 33, 31, 54, 80, 86, 51, 64, 41, 103, 87, 29, 69, 79, 48, 52, 60, 26, 68, 89, 37, 91, 83, 31, 43, 35, 52, 50, 58, 133, 38, 25, 83, 89, 33, 156, 50, 61, 74, 72, 54, 48, 127, 37, 120, 44, 110, 98, 75, 23, 37, 47, 60, 26, 108, 18], [152, 111, 71, 178, 146, 183, 91, 177, 155, 105, 0, 126, 115, 97, 159, 81, 179, 144, 73, 199, 153, 115, 179, 87, 74, 195, 113, 168, 182, 105, 142, 156, 138, 86, 141, 109, 181, 81, 73, 178, 173, 175, 200, 175, 195, 84, 76, 251, 165, 153, 161, 111, 90, 184, 109, 170, 54, 62, 53, 109, 189, 102, 162, 86, 147, 103, 164, 142, 117, 103, 153, 93, 57, 95, 231, 158, 105, 197, 63, 118, 96, 144, 171, 170, 113, 158, 193, 155, 136, 158, 99, 187, 101, 174, 118, 187, 55, 106, 133, 190, 150, 200, 211, 147, 174, 104, 34, 64, 71, 80, 27, 160, 113, 200, 124, 82, 143, 246, 182, 168, 160, 49, 76, 167, 56, 238, 122, 60, 50, 74, 116, 102, 54, 96, 98, 172, 71, 107, 74, 143, 181, 73, 155, 168, 64, 207, 154, 126, 58, 95, 152, 134, 162, 128, 106, 192, 68, 188, 120, 97, 145, 90, 156, 154, 140, 236, 68, 123, 186, 193, 137, 97, 73, 119, 177, 117, 155, 58, 230, 139, 178, 148, 84, 202, 179, 98, 109, 79, 162, 92, 211, 116], [119, 73, 56, 125, 55, 59, 37, 60, 29, 44, 126, 0, 12, 30, 34, 48, 74, 29, 71, 176, 103, 41, 101, 63, 54, 71, 30, 44, 58, 83, 103, 30, 61, 44, 87, 63, 67, 46, 57, 155, 51, 49, 76, 70, 107, 70, 57, 127, 51, 28, 94, 89, 68, 60, 119, 44, 76, 65, 74, 58, 63, 39, 48, 64, 23, 23, 38, 16, 40, 25, 27, 34, 71, 32, 106, 66, 40, 74, 63, 32, 33, 18, 49, 46, 91, 124, 84, 76, 16, 40, 29, 76, 43, 52, 49, 63, 78, 45, 55, 66, 72, 76, 87, 21, 151, 23, 92, 65, 65, 49, 131, 68, 31, 76, 41, 50, 29, 120, 85, 116, 34, 81, 50, 51, 70, 112, 103, 66, 77, 54, 23, 83, 72, 55, 28, 48, 56, 19, 54, 98, 55, 57, 69, 58, 62, 83, 131, 15, 70, 36, 79, 8, 37, 24, 24, 67, 58, 133, 108, 75, 20, 71, 65, 73, 14, 111, 62, 69, 62, 116, 58, 112, 53, 17, 59, 28, 29, 68, 106, 17, 76, 79, 66, 79, 74, 29, 81, 47, 37, 34, 86, 26], [126, 66, 45, 133, 49, 70, 25, 69, 41, 51, 115, 12, 0, 19, 46, 44, 82, 37, 62, 183, 96, 48, 109, 70, 42, 82, 37, 55, 69, 76, 110, 42, 68, 47, 80, 70, 76, 35, 56, 162, 61, 61, 87, 78, 115, 63, 61, 138, 58, 40, 102, 96, 75, 71, 110, 56, 65, 54, 64, 51, 75, 45, 56, 71, 33, 22, 50, 28, 47, 13, 39, 22, 59, 20, 118, 60, 47, 85, 52, 25, 22, 30, 59, 57, 98, 131, 93, 83, 22, 47, 32, 85, 50, 62, 42, 74, 68, 52, 62, 77, 79, 87, 98, 33, 158, 24, 81, 53, 56, 37, 120, 76, 38, 87, 48, 42, 28, 132, 93, 124, 46, 69, 39, 59, 59, 124, 107, 56, 67, 45, 16, 87, 62, 62, 24, 59, 45, 19, 45, 105, 67, 46, 76, 66, 52, 94, 138, 22, 58, 28, 86, 20, 49, 31, 17, 79, 48, 141, 105, 82, 32, 75, 72, 80, 26, 123, 53, 76, 73, 124, 65, 105, 42, 10, 68, 21, 41, 57, 117, 26, 70, 86, 59, 90, 83, 29, 88, 36, 49, 26, 98, 33], [110, 83, 27, 117, 66, 87, 30, 81, 59, 35, 97, 30, 19, 0, 63, 27, 84, 48, 43, 166, 113, 32, 93, 54, 42, 99, 21, 72, 86, 93, 94, 60, 52, 30, 97, 54, 86, 16, 39, 145, 77, 79, 104, 80, 101, 79, 43, 155, 69, 57, 86, 78, 57, 88, 91, 74, 76, 36, 45, 68, 93, 28, 66, 53, 51, 7, 68, 46, 31, 12, 57, 25, 41, 25, 135, 77, 31, 102, 34, 42, 38, 48, 75, 74, 80, 115, 98, 67, 40, 62, 15, 92, 33, 78, 59, 91, 49, 36, 46, 94, 63, 104, 115, 51, 141, 8, 63, 50, 38, 42, 102, 66, 22, 104, 32, 58, 47, 150, 88, 108, 64, 71, 21, 71, 41, 142, 89, 37, 48, 27, 33, 69, 43, 46, 7, 76, 27, 11, 26, 89, 85, 51, 61, 73, 33, 111, 121, 30, 40, 44, 70, 38, 66, 32, 34, 96, 29, 125, 87, 64, 49, 57, 62, 64, 44, 140, 35, 60, 90, 108, 49, 122, 24, 27, 81, 38, 59, 39, 134, 43, 87, 70, 75, 107, 84, 12, 72, 18, 66, 9, 115, 20], [95, 96, 89, 101, 77, 26, 71, 36, 21, 57, 159, 34, 46, 63, 0, 81, 50, 16, 104, 152, 125, 46, 77, 76, 88, 38, 47, 20, 25, 106, 79, 40, 40, 76, 109, 54, 43, 79, 89, 131, 27, 23, 43, 46, 83, 94, 89, 94, 27, 10, 70, 82, 82, 27, 152, 18, 110, 98, 107, 82, 32, 59, 25, 79, 45, 56, 12, 18, 44, 58, 16, 68, 104, 66, 74, 88, 56, 49, 96, 56, 67, 20, 25, 21, 101, 100, 60, 52, 39, 16, 61, 52, 61, 28, 73, 31, 111, 56, 34, 41, 49, 43, 54, 23, 127, 56, 125, 99, 98, 82, 164, 44, 47, 43, 37, 81, 51, 89, 61, 92, 14, 114, 83, 27, 103, 81, 121, 99, 110, 87, 47, 103, 105, 67, 61, 19, 89, 52, 87, 74, 45, 90, 45, 34, 95, 57, 107, 34, 103, 67, 55, 31, 10, 31, 55, 35, 91, 109, 140, 85, 14, 92, 41, 49, 37, 79, 95, 49, 30, 92, 37, 135, 86, 42, 35, 52, 21, 101, 73, 20, 97, 56, 90, 50, 50, 62, 62, 80, 3, 67, 54, 44], [85, 110, 32, 98, 93, 104, 57, 97, 77, 24, 81, 48, 44, 27, 81, 0, 99, 65, 24, 140, 140, 35, 99, 27, 67, 116, 34, 89, 103, 120, 69, 78, 58, 5, 124, 29, 101, 32, 12, 119, 94, 97, 121, 95, 115, 106, 17, 172, 86, 75, 81, 52, 31, 105, 72, 92, 103, 30, 28, 95, 111, 22, 83, 27, 69, 25, 86, 64, 37, 39, 75, 52, 62, 52, 152, 104, 25, 117, 45, 69, 65, 66, 92, 91, 54, 90, 113, 75, 58, 78, 20, 107, 20, 94, 86, 108, 31, 25, 53, 111, 70, 121, 131, 69, 115, 25, 47, 75, 17, 69, 86, 80, 34, 121, 44, 85, 67, 168, 102, 88, 82, 96, 39, 88, 39, 160, 63, 25, 31, 7, 60, 43, 29, 20, 20, 93, 36, 29, 7, 64, 103, 78, 75, 88, 21, 127, 95, 47, 61, 71, 72, 56, 84, 50, 61, 113, 20, 108, 62, 38, 67, 31, 76, 74, 62, 157, 14, 43, 107, 113, 57, 149, 42, 54, 98, 65, 77, 34, 151, 61, 114, 68, 102, 122, 99, 19, 46, 39, 84, 18, 132, 37], [46, 146, 109, 52, 127, 30, 97, 14, 71, 75, 179, 74, 82, 84, 50, 99, 0, 45, 123, 102, 175, 64, 28, 94, 110, 23, 67, 30, 31, 156, 42, 90, 43, 94, 159, 71, 7, 100, 107, 82, 23, 73, 24, 4, 33, 144, 107, 74, 24, 60, 21, 99, 100, 34, 170, 68, 143, 118, 127, 132, 50, 77, 26, 97, 95, 77, 62, 61, 62, 79, 66, 92, 125, 92, 65, 138, 74, 18, 117, 106, 104, 70, 25, 30, 119, 50, 14, 26, 89, 35, 80, 8, 79, 22, 123, 22, 130, 74, 46, 12, 30, 24, 32, 73, 78, 77, 145, 121, 116, 109, 184, 19, 67, 24, 56, 124, 101, 122, 11, 43, 64, 138, 104, 24, 124, 96, 139, 119, 130, 106, 97, 121, 125, 84, 82, 32, 109, 73, 106, 40, 95, 118, 24, 16, 115, 28, 58, 61, 124, 110, 29, 81, 40, 52, 98, 42, 111, 59, 158, 103, 55, 110, 23, 25, 87, 58, 113, 57, 23, 42, 42, 185, 107, 91, 15, 102, 71, 122, 53, 57, 147, 32, 140, 23, 1, 82, 73, 101, 50, 87, 51, 65], [90, 102, 74, 97, 83, 40, 56, 34, 27, 41, 144, 29, 37, 48, 16, 65, 45, 0, 89, 147, 131, 30, 73, 60, 73, 52, 32, 25, 39, 112, 74, 46, 34, 60, 115, 38, 39, 64, 73, 126, 30, 33, 57, 41, 78, 99, 73, 108, 22, 17, 66, 66, 66, 41, 136, 28, 99, 83, 92, 87, 47, 43, 19, 63, 51, 41, 22, 16, 28, 43, 22, 53, 89, 51, 88, 94, 40, 55, 81, 61, 59, 25, 28, 27, 85, 95, 56, 47, 44, 14, 46, 48, 45, 31, 78, 44, 96, 40, 27, 47, 44, 57, 68, 28, 122, 41, 110, 84, 82, 68, 149, 39, 32, 57, 21, 79, 57, 104, 56, 88, 21, 100, 68, 24, 88, 96, 105, 84, 95, 72, 52, 87, 90, 51, 46, 29, 74, 37, 72, 69, 52, 76, 40, 29, 80, 64, 102, 19, 88, 65, 50, 36, 19, 16, 53, 49, 76, 104, 124, 69, 10, 76, 36, 44, 42, 93, 79, 42, 43, 87, 30, 141, 71, 46, 34, 57, 27, 86, 87, 12, 103, 51, 95, 60, 46, 47, 55, 65, 19, 52, 68, 29], [94, 124, 46, 120, 109, 128, 71, 121, 100, 48, 73, 71, 62, 43, 104, 24, 123, 89, 0, 127, 154, 59, 122, 29, 81, 140, 58, 113, 127, 134, 84, 101, 81, 29, 138, 52, 125, 48, 16, 106, 118, 120, 145, 119, 139, 120, 16, 196, 110, 98, 104, 39, 23, 129, 48, 115, 117, 44, 23, 109, 134, 46, 107, 26, 92, 48, 109, 87, 61, 55, 98, 67, 76, 68, 176, 120, 49, 141, 59, 85, 79, 89, 116, 115, 41, 100, 137, 98, 81, 102, 44, 131, 44, 118, 101, 132, 18, 49, 77, 135, 94, 145, 155, 92, 102, 49, 46, 89, 7, 84, 62, 104, 58, 145, 68, 99, 90, 191, 126, 110, 105, 110, 53, 112, 53, 183, 50, 38, 23, 17, 76, 30, 42, 39, 43, 117, 50, 52, 17, 86, 126, 92, 99, 112, 35, 151, 82, 71, 75, 85, 95, 79, 107, 73, 77, 137, 36, 130, 47, 25, 90, 18, 100, 98, 85, 181, 10, 66, 131, 136, 81, 163, 56, 70, 122, 81, 100, 48, 175, 84, 130, 91, 116, 146, 123, 43, 51, 53, 107, 37, 156, 61], [57, 248, 171, 51, 229, 132, 196, 116, 173, 132, 199, 176, 183, 166, 152, 140, 102, 147, 127, 0, 277, 135, 75, 115, 206, 125, 146, 132, 133, 258, 73, 192, 115, 138, 261, 113, 109, 171, 128, 21, 125, 175, 122, 106, 69, 245, 123, 125, 126, 162, 82, 88, 109, 136, 128, 170, 242, 169, 150, 234, 152, 139, 128, 113, 197, 162, 164, 163, 136, 178, 168, 191, 201, 191, 166, 240, 136, 106, 184, 208, 204, 172, 127, 132, 86, 53, 92, 100, 191, 137, 152, 100, 135, 124, 225, 124, 145, 131, 121, 114, 104, 121, 110, 175, 25, 160, 172, 214, 129, 208, 175, 108, 145, 124, 135, 224, 203, 224, 91, 60, 166, 235, 178, 125, 178, 198, 97, 164, 149, 139, 199, 97, 168, 122, 160, 134, 175, 165, 140, 78, 197, 217, 107, 118, 160, 99, 45, 161, 200, 210, 97, 183, 142, 152, 200, 144, 159, 53, 116, 102, 157, 109, 111, 103, 189, 139, 131, 107, 125, 60, 118, 287, 181, 193, 117, 204, 173, 173, 123, 159, 249, 97, 241, 107, 102, 155, 96, 178, 152, 158, 153, 150]]
}