inst20 = {
    'm': 20,
    'n': 287,
    'l': [190, 185, 185, 190, 195, 185, 190, 180, 185, 190, 175, 180, 185, 190, 180, 175, 180, 195, 185, 180],
    's': [19, 21, 17, 6, 6, 19, 17, 19, 2, 3, 24, 5, 9, 20, 19, 20, 4, 3, 2, 23, 6, 17, 17, 3, 16, 15, 23, 15, 12, 19, 23, 10, 23, 22, 4, 5, 1, 11, 20, 25, 18, 4, 10, 17, 7, 4, 3, 12, 13, 24, 16, 2, 7, 15, 12, 15, 17, 16, 1, 9, 4, 3, 1, 4, 6, 1, 19, 1, 2, 25, 4, 4, 13, 18, 9, 5, 12, 22, 9, 11, 6, 19, 10, 1, 10, 20, 18, 1, 11, 20, 12, 17, 16, 3, 14, 12, 9, 1, 7, 7, 5, 9, 15, 4, 10, 21, 2, 6, 1, 23, 24, 16, 18, 1, 1, 21, 8, 22, 23, 11, 15, 14, 16, 25, 12, 9, 20, 22, 13, 24, 13, 4, 22, 18, 25, 19, 8, 13, 1, 1, 5, 2, 22, 3, 2, 6, 19, 5, 25, 9, 20, 11, 18, 25, 22, 25, 14, 21, 1, 9, 2, 2, 4, 15, 11, 15, 15, 16, 14, 25, 9, 23, 16, 10, 4, 25, 20, 5, 19, 2, 13, 19, 2, 16, 2, 6, 3, 20, 13, 9, 5, 15, 22, 18, 21, 16, 22, 23, 1, 1, 13, 14, 18, 5, 24, 11, 5, 1, 21, 6, 6, 5, 23, 16, 18, 10, 9, 18, 22, 24, 15, 6, 12, 19, 19, 17, 22, 25, 11, 23, 10, 17, 6, 20, 6, 4, 25, 7, 11, 14, 14, 15, 2, 14, 17, 24, 10, 20, 11, 16, 3, 11, 10, 18, 20, 24, 16, 2, 14, 10, 22, 14, 15, 7, 20, 1, 24, 22, 23, 20, 15, 14, 12, 4, 15, 12, 8, 2, 24, 5, 8, 21, 5, 16, 8, 24, 23],
    'min_dist': 8,
    'max_dist': 18134,
    'min_solu': 346,
    'time': 69,
    'at_least_one': 1,
    'min_load': 1,
    'max_load': 195,
    'distances': [[0, 69, 140, 173, 149, 33, 113, 109, 68, 120, 121, 20, 59, 51, 145, 46, 132, 93, 36, 84, 14, 16, 81, 156, 132, 31, 163, 86, 38, 26, 177, 179, 24, 51, 152, 38, 23, 128, 102, 86, 125, 121, 202, 139, 16, 24, 15, 185, 133, 83, 123, 23, 152, 143, 58, 149, 77, 94, 164, 97, 106, 77, 81, 75, 70, 118, 130, 78, 113, 214, 191, 106, 65, 55, 129, 41, 104, 58, 175, 65, 29, 93, 83, 34, 179, 110, 55, 41, 209, 112, 56, 171, 32, 126, 57, 69, 49, 34, 65, 132, 106, 33, 85, 144, 93, 32, 74, 14, 121, 141, 123, 121, 60, 118, 175, 52, 127, 101, 177, 143, 31, 34, 35, 58, 90, 70, 66, 31, 28, 49, 112, 33, 67, 81, 122, 164, 60, 51, 30, 127, 27, 202, 38, 123, 84, 132, 124, 114, 56, 79, 63, 146, 117, 4, 89, 127, 193, 230, 65, 115, 14, 17, 15, 18, 140, 33, 28, 84, 113, 85, 151, 100, 141, 77, 48, 100, 119, 62, 124, 105, 82, 28, 86, 136, 126, 149, 139, 69, 53, 96, 74, 17, 149, 120, 32, 18, 47, 111, 37, 102, 25, 137, 98, 141, 78, 96, 65, 72, 89, 53, 82, 77, 126, 33, 28, 67, 142, 119, 31, 116, 130, 184, 67, 140, 31, 209, 99, 31, 52, 45, 139, 76, 158, 52, 166, 62, 72, 43, 102, 212, 21, 138, 83, 85, 130, 25, 125, 133, 70, 58, 125, 33, 95, 142, 138, 119, 150, 188, 26, 157, 70, 148, 156, 102, 112, 143, 35, 98, 142, 51, 47, 128, 74, 70, 169, 126, 93, 39, 51, 119, 108, 127, 167, 148, 118, 60, 48, 86], [69, 0, 72, 105, 81, 102, 51, 72, 76, 52, 53, 75, 18, 87, 77, 27, 64, 25, 69, 76, 78, 80, 13, 91, 69, 46, 95, 49, 32, 86, 109, 111, 78, 109, 84, 39, 70, 60, 41, 18, 75, 178, 134, 73, 81, 45, 69, 117, 65, 20, 55, 49, 84, 75, 44, 84, 9, 26, 105, 49, 38, 9, 26, 7, 3, 50, 62, 134, 68, 146, 123, 54, 13, 61, 61, 86, 47, 70, 107, 118, 73, 25, 22, 78, 111, 46, 61, 43, 141, 74, 92, 103, 100, 63, 36, 1, 30, 59, 40, 64, 38, 57, 95, 85, 84, 69, 17, 71, 53, 132, 55, 76, 17, 50, 107, 88, 59, 36, 145, 77, 91, 91, 44, 118, 27, 4, 39, 91, 53, 39, 78, 94, 26, 37, 54, 110, 64, 40, 73, 84, 89, 135, 95, 55, 19, 64, 88, 46, 114, 63, 12, 78, 49, 73, 23, 59, 125, 162, 113, 53, 83, 53, 68, 87, 72, 51, 73, 23, 93, 19, 83, 43, 73, 23, 52, 35, 51, 55, 56, 40, 14, 85, 20, 68, 63, 82, 71, 28, 81, 32, 14, 73, 81, 66, 57, 52, 105, 43, 60, 66, 88, 69, 30, 73, 114, 33, 38, 29, 21, 36, 15, 135, 85, 101, 79, 76, 74, 56, 39, 61, 62, 116, 19, 77, 54, 145, 33, 72, 39, 104, 71, 18, 90, 22, 98, 23, 4, 30, 37, 144, 48, 70, 86, 55, 62, 60, 57, 102, 29, 11, 62, 57, 37, 74, 70, 68, 82, 122, 52, 89, 61, 80, 91, 42, 52, 80, 55, 30, 74, 52, 108, 60, 59, 4, 149, 72, 43, 98, 49, 51, 43, 59, 99, 80, 53, 108, 103, 28], [140, 72, 0, 33, 34, 173, 112, 67, 147, 56, 22, 122, 89, 93, 25, 94, 11, 49, 105, 71, 135, 142, 59, 98, 57, 116, 35, 57, 102, 124, 37, 39, 117, 108, 47, 109, 141, 13, 42, 54, 69, 174, 62, 45, 139, 116, 125, 46, 15, 78, 48, 119, 12, 10, 82, 91, 64, 46, 95, 47, 45, 64, 98, 65, 70, 23, 16, 130, 63, 74, 51, 49, 84, 87, 24, 104, 43, 86, 35, 114, 112, 50, 57, 109, 43, 37, 87, 99, 69, 69, 91, 31, 171, 87, 83, 71, 101, 107, 75, 8, 35, 107, 90, 77, 78, 109, 66, 126, 19, 126, 17, 70, 88, 23, 35, 92, 24, 39, 139, 32, 126, 111, 115, 138, 50, 72, 74, 123, 112, 91, 72, 142, 73, 109, 20, 104, 82, 89, 111, 78, 159, 77, 109, 35, 56, 11, 82, 29, 113, 64, 77, 18, 23, 144, 62, 13, 53, 90, 110, 43, 154, 123, 125, 158, 31, 107, 113, 56, 87, 66, 31, 43, 1, 95, 92, 40, 22, 126, 17, 38, 59, 116, 65, 12, 49, 32, 40, 71, 152, 44, 66, 143, 54, 60, 108, 122, 105, 32, 131, 60, 140, 29, 46, 14, 109, 91, 109, 100, 51, 87, 59, 132, 79, 170, 115, 78, 2, 43, 109, 55, 11, 44, 73, 54, 125, 152, 53, 110, 88, 119, 8, 64, 18, 93, 30, 78, 68, 97, 59, 72, 119, 8, 80, 126, 11, 115, 17, 96, 70, 82, 50, 107, 47, 13, 10, 62, 69, 62, 122, 17, 73, 8, 45, 41, 45, 60, 105, 42, 11, 90, 154, 14, 69, 71, 143, 66, 50, 116, 89, 33, 35, 15, 27, 8, 34, 106, 102, 54], [173, 105, 33, 0, 28, 206, 145, 82, 180, 60, 54, 155, 122, 125, 33, 127, 41, 82, 138, 96, 168, 175, 92, 87, 70, 149, 24, 89, 135, 157, 12, 14, 150, 133, 37, 142, 174, 45, 74, 87, 83, 188, 58, 58, 172, 149, 158, 55, 41, 111, 57, 152, 21, 31, 115, 82, 97, 79, 107, 79, 72, 97, 131, 98, 103, 55, 44, 144, 78, 49, 37, 72, 117, 120, 47, 136, 72, 118, 11, 130, 145, 82, 90, 142, 31, 65, 120, 132, 36, 83, 122, 12, 204, 119, 116, 104, 134, 140, 108, 41, 68, 140, 106, 89, 94, 142, 99, 159, 52, 139, 50, 84, 121, 55, 28, 124, 50, 72, 152, 46, 159, 144, 148, 170, 83, 105, 107, 156, 145, 124, 86, 175, 106, 142, 52, 116, 115, 122, 144, 91, 192, 88, 141, 55, 89, 41, 95, 61, 139, 96, 110, 32, 56, 177, 94, 46, 21, 62, 126, 63, 187, 156, 158, 191, 37, 140, 146, 89, 101, 98, 27, 75, 32, 128, 125, 73, 54, 159, 50, 70, 92, 149, 98, 38, 63, 45, 40, 104, 185, 77, 99, 176, 43, 74, 141, 155, 136, 64, 164, 79, 173, 40, 78, 33, 123, 124, 142, 133, 84, 120, 92, 148, 92, 203, 148, 110, 31, 59, 142, 70, 43, 20, 106, 66, 158, 141, 85, 143, 121, 151, 35, 97, 16, 126, 19, 111, 101, 130, 91, 39, 152, 36, 99, 159, 43, 148, 49, 109, 103, 115, 64, 140, 80, 33, 36, 76, 58, 73, 155, 16, 105, 25, 57, 73, 66, 72, 138, 75, 32, 123, 187, 45, 101, 104, 156, 79, 82, 148, 122, 58, 67, 46, 19, 25, 59, 125, 133, 87], [149, 81, 34, 28, 0, 182, 121, 99, 156, 32, 55, 132, 98, 118, 9, 103, 24, 57, 115, 103, 144, 151, 68, 64, 90, 125, 15, 77, 111, 134, 37, 39, 127, 138, 13, 118, 150, 26, 68, 63, 102, 207, 82, 78, 148, 125, 134, 79, 48, 87, 29, 128, 27, 24, 92, 57, 73, 55, 128, 76, 45, 73, 107, 74, 79, 32, 49, 163, 95, 74, 43, 81, 93, 98, 20, 120, 74, 104, 35, 147, 122, 57, 67, 120, 31, 69, 98, 108, 62, 101, 122, 25, 180, 93, 92, 80, 110, 117, 85, 33, 44, 116, 123, 110, 111, 119, 75, 135, 38, 159, 39, 103, 97, 32, 52, 118, 57, 55, 172, 65, 137, 126, 124, 153, 61, 81, 84, 134, 121, 100, 105, 152, 82, 118, 29, 137, 97, 98, 121, 111, 168, 111, 128, 28, 65, 24, 115, 36, 144, 90, 86, 52, 42, 153, 69, 35, 49, 87, 143, 76, 163, 132, 134, 167, 9, 116, 123, 66, 120, 73, 3, 70, 33, 104, 102, 54, 31, 135, 35, 64, 68, 127, 73, 45, 82, 65, 12, 80, 161, 59, 75, 152, 20, 93, 117, 131, 135, 39, 140, 93, 149, 12, 53, 20, 142, 100, 118, 109, 60, 96, 68, 165, 112, 179, 125, 105, 32, 76, 118, 88, 25, 38, 82, 87, 134, 118, 59, 120, 97, 138, 42, 73, 26, 102, 18, 87, 77, 106, 65, 65, 128, 41, 113, 135, 26, 124, 45, 129, 79, 91, 83, 116, 66, 47, 43, 95, 35, 96, 131, 32, 92, 40, 78, 69, 78, 93, 114, 51, 45, 100, 164, 23, 88, 80, 176, 99, 70, 132, 99, 31, 63, 24, 42, 30, 67, 138, 132, 65], [33, 102, 173, 206, 182, 0, 144, 142, 98, 153, 154, 52, 90, 84, 178, 79, 165, 126, 69, 117, 38, 31, 114, 187, 165, 62, 196, 119, 71, 52, 210, 212, 57, 81, 185, 69, 53, 161, 135, 119, 158, 107, 235, 172, 34, 57, 48, 218, 166, 114, 156, 54, 185, 176, 91, 180, 110, 127, 197, 130, 139, 110, 112, 108, 103, 151, 163, 108, 146, 247, 224, 139, 96, 88, 162, 73, 137, 91, 208, 95, 62, 126, 116, 67, 212, 143, 88, 74, 242, 145, 89, 204, 28, 157, 90, 102, 80, 67, 98, 165, 139, 66, 118, 177, 126, 65, 107, 47, 154, 174, 156, 154, 91, 151, 208, 85, 160, 134, 210, 176, 50, 66, 66, 40, 123, 103, 99, 53, 61, 82, 145, 33, 100, 112, 155, 197, 93, 84, 63, 160, 58, 235, 69, 156, 117, 165, 157, 147, 76, 112, 96, 179, 150, 33, 120, 160, 226, 263, 96, 148, 19, 50, 48, 24, 173, 66, 61, 117, 146, 116, 184, 133, 174, 108, 81, 133, 152, 93, 157, 138, 115, 60, 117, 169, 159, 182, 172, 102, 83, 129, 107, 47, 182, 153, 65, 51, 75, 144, 67, 135, 34, 170, 131, 174, 111, 127, 96, 103, 122, 86, 115, 78, 159, 3, 61, 100, 175, 152, 64, 149, 163, 217, 100, 173, 62, 240, 130, 64, 85, 60, 172, 109, 191, 83, 199, 95, 105, 76, 133, 245, 54, 171, 116, 116, 163, 58, 158, 166, 103, 91, 158, 66, 128, 175, 171, 152, 183, 221, 57, 190, 103, 181, 189, 135, 145, 176, 68, 131, 175, 84, 21, 161, 107, 103, 202, 159, 126, 61, 84, 152, 141, 160, 200, 181, 151, 91, 78, 119], [113, 51, 112, 145, 121, 144, 0, 123, 47, 91, 93, 125, 54, 138, 117, 76, 104, 64, 119, 127, 126, 129, 53, 111, 118, 82, 135, 100, 75, 136, 149, 151, 128, 159, 123, 75, 91, 100, 92, 58, 126, 229, 174, 113, 129, 90, 118, 157, 105, 34, 94, 90, 124, 115, 95, 77, 48, 66, 155, 100, 77, 48, 32, 52, 54, 90, 102, 185, 119, 186, 163, 105, 48, 112, 101, 136, 98, 121, 147, 169, 123, 64, 73, 128, 151, 95, 112, 92, 181, 125, 143, 143, 118, 30, 87, 50, 64, 109, 91, 104, 78, 107, 146, 136, 135, 119, 68, 120, 93, 183, 95, 127, 53, 90, 147, 139, 99, 80, 196, 117, 141, 141, 78, 168, 77, 47, 90, 141, 102, 90, 129, 144, 77, 33, 94, 161, 115, 91, 123, 135, 88, 175, 145, 94, 69, 104, 139, 85, 164, 114, 63, 118, 89, 111, 53, 99, 165, 202, 164, 102, 127, 98, 117, 120, 112, 100, 123, 74, 144, 49, 123, 94, 113, 36, 103, 78, 91, 52, 96, 89, 63, 135, 49, 108, 110, 122, 110, 79, 62, 81, 65, 97, 120, 117, 107, 99, 155, 82, 77, 117, 137, 109, 69, 113, 165, 21, 48, 41, 61, 87, 64, 185, 136, 146, 129, 127, 114, 104, 82, 112, 102, 156, 70, 119, 83, 96, 63, 122, 90, 154, 111, 69, 130, 61, 138, 74, 52, 79, 58, 184, 92, 110, 137, 28, 102, 109, 97, 153, 80, 59, 111, 107, 88, 114, 110, 119, 121, 162, 87, 129, 112, 120, 131, 93, 103, 123, 105, 70, 114, 103, 158, 100, 110, 55, 200, 123, 94, 148, 100, 90, 90, 99, 139, 120, 96, 159, 153, 79], [109, 72, 67, 82, 99, 142, 123, 0, 117, 121, 46, 90, 72, 58, 90, 65, 76, 74, 73, 26, 104, 111, 74, 163, 25, 86, 102, 25, 73, 91, 74, 76, 85, 62, 112, 80, 111, 74, 31, 69, 16, 108, 95, 31, 108, 86, 94, 77, 52, 92, 113, 90, 75, 77, 51, 156, 80, 64, 55, 23, 109, 80, 93, 71, 69, 70, 51, 64, 4, 108, 116, 18, 77, 54, 88, 69, 25, 52, 72, 49, 80, 84, 50, 76, 110, 31, 54, 68, 111, 3, 54, 91, 141, 135, 53, 73, 74, 76, 45, 66, 68, 76, 25, 35, 16, 77, 58, 95, 61, 60, 61, 12, 72, 70, 69, 57, 43, 46, 73, 36, 92, 77, 85, 103, 46, 76, 44, 89, 81, 60, 6, 110, 48, 93, 77, 55, 49, 58, 79, 18, 130, 94, 74, 99, 54, 76, 16, 83, 68, 30, 62, 50, 57, 113, 95, 65, 90, 124, 47, 24, 123, 92, 94, 127, 96, 76, 81, 49, 21, 91, 96, 29, 68, 89, 61, 48, 71, 98, 64, 35, 60, 83, 92, 55, 19, 42, 105, 47, 122, 43, 60, 114, 119, 11, 77, 91, 68, 83, 101, 7, 108, 94, 95, 80, 43, 105, 82, 84, 67, 57, 59, 69, 17, 139, 82, 42, 69, 24, 79, 12, 74, 100, 55, 33, 95, 217, 105, 78, 57, 84, 59, 56, 77, 66, 97, 52, 71, 68, 109, 110, 89, 59, 26, 101, 73, 84, 54, 30, 46, 66, 18, 76, 36, 54, 57, 10, 134, 81, 93, 71, 39, 62, 49, 30, 22, 35, 74, 60, 56, 59, 121, 77, 35, 68, 77, 17, 30, 81, 58, 97, 36, 77, 64, 71, 33, 52, 65, 45], [68, 76, 147, 180, 156, 98, 47, 117, 0, 127, 128, 80, 58, 93, 152, 53, 139, 100, 74, 93, 81, 83, 88, 149, 140, 37, 170, 94, 45, 91, 184, 186, 83, 114, 159, 38, 45, 135, 109, 93, 133, 184, 209, 147, 83, 45, 73, 192, 140, 71, 130, 45, 159, 150, 66, 115, 84, 101, 172, 105, 113, 84, 50, 82, 77, 125, 137, 140, 121, 221, 198, 114, 63, 70, 136, 91, 112, 79, 182, 124, 78, 100, 90, 83, 186, 118, 70, 49, 216, 120, 98, 178, 72, 68, 65, 76, 46, 64, 73, 139, 113, 62, 104, 152, 103, 74, 81, 75, 128, 151, 130, 129, 59, 125, 182, 94, 134, 108, 185, 151, 96, 96, 33, 123, 97, 76, 74, 96, 57, 57, 120, 99, 75, 39, 129, 172, 73, 59, 78, 135, 42, 210, 100, 130, 91, 139, 132, 121, 119, 87, 70, 153, 124, 65, 90, 134, 200, 237, 119, 123, 81, 53, 72, 74, 147, 55, 78, 91, 121, 86, 158, 108, 148, 53, 60, 107, 126, 21, 131, 112, 89, 90, 86, 143, 134, 157, 146, 77, 16, 103, 81, 51, 156, 128, 62, 54, 110, 118, 31, 110, 92, 144, 105, 148, 120, 59, 38, 47, 96, 61, 89, 140, 134, 100, 84, 85, 149, 127, 38, 124, 137, 191, 74, 148, 37, 143, 100, 77, 60, 109, 146, 83, 165, 54, 173, 69, 79, 50, 95, 219, 47, 145, 95, 21, 137, 64, 132, 141, 78, 65, 133, 62, 103, 149, 145, 127, 157, 196, 42, 164, 79, 155, 164, 110, 120, 151, 60, 105, 149, 61, 113, 135, 82, 77, 177, 134, 101, 103, 60, 126, 115, 134, 174, 155, 125, 114, 108, 94], [120, 52, 56, 60, 32, 153, 91, 121, 127, 0, 77, 126, 69, 138, 31, 78, 46, 49, 120, 125, 129, 131, 49, 43, 112, 97, 47, 99, 83, 137, 65, 67, 129, 160, 33, 90, 121, 48, 90, 54, 124, 229, 104, 100, 132, 96, 120, 101, 70, 57, 8, 100, 49, 46, 95, 35, 43, 59, 150, 98, 14, 43, 78, 52, 54, 51, 71, 185, 117, 102, 75, 103, 64, 112, 33, 137, 96, 121, 63, 169, 124, 39, 73, 129, 63, 91, 112, 94, 94, 123, 143, 57, 151, 62, 87, 51, 81, 110, 91, 55, 55, 108, 145, 132, 133, 120, 68, 122, 60, 181, 61, 125, 68, 51, 74, 139, 79, 77, 194, 87, 142, 142, 95, 169, 77, 52, 90, 142, 104, 90, 127, 145, 77, 89, 44, 159, 115, 91, 124, 133, 140, 133, 146, 22, 69, 46, 137, 38, 165, 112, 63, 74, 64, 124, 38, 57, 81, 118, 164, 98, 134, 104, 119, 138, 25, 102, 124, 74, 142, 42, 34, 92, 55, 75, 103, 75, 50, 106, 57, 86, 63, 136, 42, 67, 104, 87, 20, 79, 132, 80, 65, 124, 31, 115, 108, 104, 156, 39, 111, 115, 139, 27, 28, 42, 164, 70, 89, 80, 56, 87, 64, 186, 134, 152, 130, 127, 54, 98, 90, 110, 47, 70, 70, 109, 105, 96, 28, 123, 90, 155, 64, 69, 48, 73, 50, 74, 52, 81, 34, 97, 99, 63, 135, 106, 48, 111, 67, 151, 80, 62, 105, 108, 88, 69, 65, 117, 31, 118, 103, 54, 112, 62, 100, 91, 100, 115, 106, 63, 67, 103, 159, 44, 110, 55, 198, 121, 92, 149, 100, 24, 85, 45, 64, 52, 89, 159, 154, 79], [121, 53, 22, 54, 55, 154, 93, 46, 128, 77, 0, 102, 70, 71, 46, 75, 32, 32, 85, 50, 116, 123, 40, 119, 36, 97, 57, 35, 83, 103, 58, 60, 97, 86, 68, 90, 122, 30, 20, 35, 48, 153, 83, 25, 120, 97, 106, 65, 13, 59, 69, 100, 34, 32, 63, 112, 45, 27, 74, 25, 65, 45, 79, 46, 51, 26, 10, 109, 42, 95, 73, 28, 65, 66, 44, 82, 21, 64, 56, 93, 92, 42, 38, 88, 65, 15, 66, 80, 90, 48, 69, 53, 152, 92, 64, 52, 82, 88, 56, 22, 25, 88, 69, 56, 57, 89, 47, 107, 17, 105, 17, 49, 69, 26, 56, 70, 6, 20, 118, 24, 105, 90, 96, 116, 31, 53, 55, 102, 93, 72, 51, 122, 54, 90, 33, 83, 61, 70, 91, 57, 140, 83, 87, 55, 37, 32, 61, 39, 91, 42, 58, 26, 13, 125, 54, 21, 74, 111, 89, 22, 135, 104, 106, 139, 52, 88, 93, 37, 66, 50, 52, 21, 23, 76, 73, 21, 27, 107, 20, 16, 40, 95, 51, 16, 28, 30, 61, 52, 133, 25, 47, 124, 75, 39, 89, 103, 83, 39, 112, 39, 121, 50, 51, 36, 88, 72, 90, 81, 32, 68, 40, 111, 58, 151, 94, 56, 24, 22, 90, 34, 30, 66, 54, 34, 106, 173, 61, 90, 69, 97, 20, 45, 40, 74, 52, 59, 49, 78, 67, 93, 100, 20, 59, 107, 29, 96, 10, 75, 51, 63, 29, 88, 27, 22, 18, 41, 90, 70, 103, 38, 51, 29, 38, 19, 24, 40, 86, 23, 22, 71, 134, 33, 47, 52, 122, 45, 28, 94, 70, 53, 13, 33, 48, 30, 13, 85, 80, 35], [20, 75, 122, 155, 132, 52, 125, 90, 80, 126, 102, 0, 71, 32, 128, 50, 115, 80, 17, 65, 14, 21, 78, 166, 113, 43, 146, 67, 50, 11, 159, 161, 5, 35, 135, 50, 36, 111, 83, 74, 106, 105, 184, 120, 18, 35, 8, 166, 115, 95, 120, 36, 134, 125, 40, 159, 83, 77, 145, 78, 112, 83, 93, 75, 72, 101, 112, 62, 94, 196, 173, 87, 77, 36, 112, 22, 85, 39, 157, 46, 10, 89, 65, 15, 161, 91, 36, 33, 191, 93, 37, 153, 51, 138, 41, 76, 61, 16, 47, 114, 89, 18, 66, 125, 74, 13, 60, 6, 103, 122, 105, 102, 72, 101, 157, 33, 108, 83, 158, 124, 16, 16, 47, 43, 72, 79, 48, 16, 24, 36, 93, 20, 51, 93, 105, 145, 41, 36, 11, 108, 42, 183, 21, 108, 67, 115, 105, 98, 40, 60, 63, 128, 99, 24, 98, 109, 175, 212, 46, 96, 33, 28, 9, 37, 123, 25, 9, 66, 94, 94, 134, 81, 123, 89, 30, 82, 102, 74, 106, 86, 67, 10, 95, 118, 107, 130, 122, 53, 66, 78, 62, 30, 134, 101, 19, 27, 31, 95, 50, 83, 19, 120, 99, 124, 59, 108, 77, 84, 73, 39, 66, 61, 107, 49, 9, 48, 124, 100, 43, 97, 113, 166, 56, 121, 44, 220, 108, 12, 37, 30, 121, 60, 140, 64, 148, 53, 74, 47, 112, 194, 34, 120, 64, 97, 113, 17, 107, 114, 54, 67, 106, 18, 77, 124, 120, 100, 142, 169, 39, 139, 51, 130, 137, 83, 93, 124, 20, 81, 124, 32, 34, 111, 55, 71, 150, 107, 74, 23, 33, 105, 89, 110, 149, 130, 99, 41, 30, 69], [59, 18, 89, 122, 98, 90, 54, 72, 58, 69, 70, 71, 0, 84, 94, 22, 81, 42, 65, 73, 72, 75, 30, 97, 83, 28, 112, 47, 21, 82, 126, 128, 74, 105, 101, 21, 52, 77, 52, 35, 79, 175, 151, 90, 75, 36, 64, 134, 82, 24, 72, 36, 101, 92, 41, 90, 26, 43, 116, 49, 55, 26, 22, 24, 19, 67, 79, 131, 68, 163, 140, 58, 6, 58, 78, 82, 56, 67, 124, 115, 69, 42, 33, 74, 128, 61, 58, 38, 158, 74, 89, 120, 82, 67, 34, 18, 12, 55, 38, 81, 55, 53, 92, 96, 82, 65, 24, 66, 70, 131, 72, 77, 1, 67, 124, 85, 76, 51, 145, 94, 87, 87, 26, 114, 40, 18, 37, 87, 48, 36, 78, 90, 24, 22, 71, 117, 61, 37, 69, 84, 71, 152, 91, 72, 34, 81, 88, 63, 110, 61, 13, 95, 66, 57, 32, 76, 142, 179, 110, 66, 73, 44, 63, 70, 89, 46, 69, 34, 93, 28, 100, 52, 90, 18, 49, 50, 68, 37, 73, 55, 31, 81, 28, 85, 77, 99, 88, 25, 63, 46, 24, 55, 98, 73, 53, 45, 101, 60, 42, 65, 83, 86, 47, 90, 111, 37, 20, 13, 38, 33, 32, 131, 85, 92, 75, 73, 91, 70, 28, 68, 79, 133, 17, 91, 36, 150, 42, 68, 36, 100, 88, 26, 107, 7, 115, 20, 21, 25, 43, 161, 38, 87, 83, 37, 79, 55, 74, 102, 26, 7, 76, 53, 46, 91, 87, 72, 99, 139, 35, 106, 58, 97, 107, 53, 63, 94, 51, 47, 91, 49, 104, 77, 57, 19, 149, 79, 45, 94, 46, 68, 58, 76, 116, 97, 68, 105, 99, 37], [51, 87, 93, 125, 118, 84, 138, 58, 93, 138, 71, 32, 84, 0, 109, 62, 95, 91, 19, 33, 46, 53, 90, 178, 82, 56, 123, 42, 63, 33, 129, 131, 27, 22, 131, 63, 56, 93, 52, 86, 74, 91, 153, 89, 50, 48, 37, 135, 84, 107, 132, 49, 105, 99, 44, 171, 95, 81, 113, 47, 124, 95, 106, 87, 84, 89, 81, 47, 62, 166, 144, 56, 90, 26, 107, 11, 54, 17, 127, 31, 22, 101, 67, 18, 133, 60, 26, 46, 161, 61, 5, 124, 83, 150, 52, 88, 74, 29, 48, 88, 86, 31, 34, 93, 42, 20, 72, 37, 80, 90, 81, 70, 85, 89, 127, 1, 77, 65, 126, 93, 34, 19, 60, 45, 64, 91, 49, 31, 37, 49, 61, 52, 62, 106, 96, 113, 24, 47, 21, 76, 73, 152, 16, 118, 71, 95, 73, 102, 27, 29, 75, 97, 76, 55, 110, 85, 145, 182, 26, 65, 65, 42, 37, 69, 115, 38, 23, 67, 62, 106, 115, 50, 94, 102, 36, 67, 90, 87, 83, 56, 77, 25, 107, 87, 76, 99, 124, 61, 80, 62, 74, 57, 138, 69, 32, 41, 18, 101, 63, 52, 50, 113, 111, 101, 27, 120, 90, 97, 84, 51, 76, 48, 75, 81, 24, 16, 95, 69, 56, 66, 93, 137, 68, 90, 57, 232, 120, 20, 48, 26, 91, 71, 111, 77, 120, 65, 86, 60, 124, 164, 47, 91, 32, 110, 92, 31, 76, 82, 60, 79, 75, 31, 54, 93, 89, 68, 153, 138, 52, 109, 28, 100, 106, 52, 62, 93, 33, 78, 93, 35, 63, 96, 31, 83, 118, 75, 48, 23, 38, 116, 58, 96, 119, 101, 68, 21, 16, 62], [145, 77, 25, 33, 9, 178, 117, 90, 152, 31, 46, 128, 94, 109, 0, 99, 15, 53, 111, 94, 140, 147, 64, 73, 81, 121, 20, 68, 107, 130, 37, 39, 123, 129, 22, 114, 146, 17, 59, 59, 93, 198, 73, 69, 144, 121, 130, 70, 39, 83, 26, 124, 18, 15, 88, 66, 69, 51, 119, 67, 41, 69, 103, 70, 75, 27, 40, 154, 86, 74, 48, 72, 89, 93, 16, 111, 65, 95, 35, 138, 118, 53, 63, 115, 36, 60, 93, 104, 67, 92, 113, 30, 176, 89, 88, 76, 106, 113, 81, 24, 40, 112, 114, 101, 102, 115, 71, 131, 29, 150, 30, 94, 93, 27, 43, 109, 48, 46, 163, 56, 132, 118, 120, 145, 56, 77, 80, 129, 117, 96, 96, 148, 78, 114, 24, 128, 89, 94, 117, 102, 164, 102, 119, 24, 61, 15, 106, 32, 135, 81, 82, 43, 33, 149, 65, 26, 53, 90, 134, 67, 159, 128, 130, 163, 6, 112, 119, 62, 111, 69, 6, 61, 24, 100, 98, 47, 26, 131, 26, 55, 64, 122, 69, 36, 73, 56, 15, 76, 157, 51, 71, 148, 29, 84, 113, 127, 126, 35, 136, 84, 145, 8, 49, 11, 133, 96, 114, 105, 56, 92, 64, 156, 103, 175, 121, 96, 23, 67, 114, 79, 16, 43, 78, 78, 130, 127, 55, 116, 93, 129, 33, 69, 17, 98, 23, 83, 73, 102, 61, 70, 124, 32, 104, 131, 17, 120, 36, 120, 75, 87, 74, 112, 57, 38, 34, 86, 44, 87, 127, 23, 83, 31, 69, 60, 69, 84, 110, 47, 36, 96, 160, 17, 79, 76, 167, 90, 61, 123, 95, 27, 54, 18, 33, 21, 58, 129, 123, 60], [46, 27, 94, 127, 103, 79, 76, 65, 53, 78, 75, 50, 22, 62, 99, 0, 86, 47, 44, 51, 52, 54, 35, 118, 87, 22, 117, 41, 8, 61, 131, 133, 53, 84, 106, 15, 47, 82, 56, 40, 81, 153, 156, 94, 54, 22, 43, 139, 87, 46, 77, 25, 106, 97, 19, 111, 35, 48, 120, 52, 64, 35, 44, 29, 24, 72, 84, 109, 69, 168, 145, 61, 28, 36, 83, 61, 59, 45, 129, 93, 48, 48, 37, 53, 133, 65, 36, 17, 163, 68, 67, 125, 77, 89, 12, 28, 13, 34, 20, 86, 60, 32, 70, 100, 60, 44, 28, 45, 75, 109, 77, 77, 23, 72, 129, 63, 81, 55, 133, 98, 66, 66, 21, 93, 44, 31, 21, 66, 27, 14, 68, 69, 22, 44, 76, 120, 39, 15, 48, 83, 65, 157, 70, 78, 38, 86, 80, 68, 89, 39, 17, 100, 71, 50, 50, 81, 147, 184, 88, 70, 60, 29, 42, 64, 94, 25, 48, 38, 73, 46, 105, 55, 95, 40, 27, 54, 73, 33, 78, 59, 36, 60, 47, 90, 81, 104, 93, 24, 58, 50, 28, 49, 104, 76, 32, 28, 80, 65, 37, 58, 62, 91, 53, 95, 89, 59, 29, 35, 43, 11, 36, 110, 82, 77, 54, 51, 96, 74, 15, 71, 84, 138, 21, 95, 31, 172, 60, 47, 14, 79, 93, 30, 112, 15, 120, 16, 26, 3, 64, 166, 25, 92, 61, 49, 84, 34, 79, 89, 25, 17, 80, 32, 50, 96, 92, 75, 105, 143, 28, 111, 36, 102, 111, 57, 67, 98, 30, 52, 96, 27, 83, 82, 35, 24, 129, 82, 48, 73, 24, 74, 62, 81, 121, 102, 72, 83, 78, 41], [132, 64, 11, 41, 24, 165, 104, 76, 139, 46, 32, 115, 81, 95, 15, 86, 0, 41, 98, 80, 127, 134, 51, 88, 67, 108, 31, 54, 94, 117, 45, 47, 110, 115, 37, 101, 133, 4, 45, 46, 79, 184, 71, 55, 131, 108, 117, 57, 25, 70, 38, 111, 20, 11, 75, 81, 56, 38, 105, 53, 34, 56, 90, 57, 62, 14, 26, 140, 72, 82, 59, 58, 76, 80, 13, 98, 51, 81, 43, 124, 105, 41, 50, 102, 47, 46, 80, 91, 77, 78, 99, 39, 163, 78, 75, 63, 93, 100, 68, 10, 27, 99, 100, 87, 88, 102, 58, 118, 15, 136, 16, 80, 80, 14, 43, 95, 34, 33, 149, 42, 119, 105, 107, 132, 43, 64, 67, 116, 104, 83, 82, 135, 65, 101, 11, 114, 76, 81, 104, 88, 151, 88, 105, 24, 48, 0, 92, 20, 121, 67, 69, 29, 19, 136, 53, 12, 61, 98, 120, 53, 146, 115, 117, 150, 21, 99, 106, 49, 97, 57, 21, 47, 10, 87, 85, 34, 13, 118, 12, 41, 51, 109, 57, 22, 59, 42, 30, 63, 144, 38, 58, 135, 44, 70, 100, 114, 112, 23, 123, 70, 132, 19, 37, 9, 119, 83, 101, 92, 43, 79, 51, 142, 89, 162, 108, 82, 10, 53, 101, 65, 2, 52, 65, 64, 117, 142, 44, 103, 80, 115, 19, 56, 26, 85, 34, 70, 60, 89, 50, 80, 111, 18, 90, 118, 3, 107, 22, 106, 62, 74, 60, 99, 43, 24, 20, 72, 59, 73, 114, 25, 69, 17, 55, 46, 55, 70, 97, 34, 22, 83, 147, 4, 65, 63, 153, 76, 47, 110, 82, 22, 40, 5, 35, 16, 44, 115, 109, 47], [93, 25, 49, 82, 57, 126, 64, 74, 100, 49, 32, 80, 42, 91, 53, 47, 41, 0, 73, 78, 89, 96, 12, 90, 66, 69, 72, 51, 55, 90, 86, 88, 82, 113, 59, 62, 94, 37, 43, 7, 77, 182, 111, 57, 93, 69, 79, 94, 42, 30, 41, 72, 61, 52, 47, 83, 16, 10, 104, 51, 36, 16, 51, 18, 23, 27, 39, 138, 70, 123, 100, 56, 37, 65, 37, 90, 49, 74, 84, 122, 77, 10, 24, 82, 88, 44, 65, 52, 118, 76, 96, 80, 124, 62, 39, 24, 54, 64, 43, 41, 14, 62, 98, 86, 86, 73, 20, 80, 30, 134, 32, 78, 41, 27, 84, 92, 36, 28, 147, 54, 95, 95, 68, 122, 28, 25, 42, 95, 65, 45, 80, 99, 29, 62, 30, 112, 68, 45, 77, 86, 112, 112, 99, 31, 20, 41, 90, 21, 118, 65, 30, 55, 26, 97, 22, 36, 102, 139, 117, 51, 107, 76, 79, 111, 48, 60, 77, 25, 95, 18, 59, 45, 50, 48, 56, 26, 28, 79, 33, 39, 14, 89, 19, 45, 58, 59, 46, 30, 105, 31, 19, 96, 57, 68, 63, 75, 109, 18, 84, 68, 95, 45, 21, 50, 117, 43, 62, 53, 7, 41, 15, 139, 87, 124, 83, 80, 51, 52, 62, 63, 39, 93, 26, 64, 78, 144, 31, 76, 44, 108, 48, 20, 67, 46, 75, 31, 21, 50, 36, 121, 72, 47, 88, 79, 39, 69, 34, 104, 31, 35, 59, 62, 39, 51, 47, 70, 63, 99, 75, 66, 64, 57, 68, 44, 54, 70, 60, 14, 51, 56, 113, 37, 62, 24, 151, 74, 45, 102, 53, 27, 38, 36, 76, 57, 44, 112, 107, 30], [36, 69, 105, 138, 115, 69, 119, 73, 74, 120, 85, 17, 65, 19, 111, 44, 98, 73, 0, 48, 31, 38, 72, 160, 96, 37, 129, 50, 44, 19, 142, 144, 12, 40, 119, 44, 41, 94, 66, 68, 89, 110, 167, 103, 35, 29, 22, 149, 98, 89, 114, 30, 117, 108, 26, 153, 77, 63, 128, 61, 106, 77, 87, 69, 66, 84, 95, 66, 77, 179, 156, 70, 71, 19, 95, 17, 68, 22, 140, 50, 7, 83, 49, 9, 144, 74, 19, 27, 174, 76, 24, 136, 68, 132, 34, 70, 55, 10, 30, 97, 72, 12, 50, 108, 57, 4, 54, 22, 86, 105, 88, 85, 66, 84, 140, 20, 91, 66, 141, 107, 22, 22, 41, 49, 55, 73, 31, 22, 18, 30, 76, 37, 44, 87, 88, 128, 24, 29, 6, 91, 58, 166, 26, 100, 53, 98, 88, 84, 45, 43, 57, 111, 82, 40, 92, 92, 158, 195, 45, 79, 50, 23, 22, 54, 106, 19, 8, 49, 77, 88, 117, 64, 106, 83, 18, 65, 85, 68, 89, 69, 59, 16, 89, 101, 90, 113, 107, 43, 61, 61, 56, 42, 122, 84, 13, 22, 36, 83, 44, 66, 36, 103, 93, 107, 46, 102, 71, 78, 66, 33, 58, 66, 90, 66, 10, 32, 107, 83, 37, 80, 96, 149, 50, 104, 38, 214, 102, 5, 30, 35, 104, 53, 123, 58, 131, 47, 68, 41, 106, 177, 28, 103, 47, 91, 96, 13, 90, 97, 42, 61, 89, 12, 60, 107, 103, 83, 136, 152, 33, 122, 34, 113, 120, 66, 76, 107, 14, 64, 107, 17, 49, 94, 38, 65, 133, 90, 57, 29, 20, 98, 72, 93, 132, 113, 82, 40, 34, 52], [84, 76, 71, 96, 103, 117, 127, 26, 93, 125, 50, 65, 73, 33, 94, 51, 80, 78, 48, 0, 79, 86, 78, 167, 51, 62, 106, 28, 53, 66, 100, 102, 60, 37, 116, 56, 86, 78, 35, 73, 42, 104, 121, 57, 83, 61, 69, 103, 56, 96, 117, 65, 79, 81, 33, 160, 84, 68, 81, 27, 113, 84, 95, 75, 73, 74, 55, 60, 30, 134, 121, 24, 79, 29, 92, 44, 30, 27, 98, 44, 55, 88, 54, 51, 114, 36, 29, 44, 132, 29, 28, 96, 116, 139, 41, 77, 64, 51, 36, 71, 72, 51, 20, 61, 10, 52, 61, 70, 65, 58, 66, 38, 74, 74, 95, 32, 47, 50, 94, 62, 67, 52, 61, 78, 50, 80, 37, 64, 56, 38, 29, 85, 50, 95, 81, 81, 24, 36, 54, 44, 105, 120, 49, 103, 58, 80, 41, 87, 43, 14, 64, 66, 61, 88, 99, 70, 116, 150, 40, 34, 98, 67, 69, 102, 100, 51, 56, 53, 30, 95, 100, 33, 72, 91, 36, 52, 75, 78, 68, 39, 64, 58, 96, 59, 45, 68, 109, 49, 98, 47, 63, 89, 123, 37, 52, 66, 42, 87, 77, 19, 83, 98, 99, 85, 39, 109, 80, 86, 71, 40, 63, 62, 43, 114, 57, 17, 73, 38, 55, 34, 78, 109, 57, 59, 71, 221, 109, 53, 37, 58, 63, 59, 82, 66, 101, 54, 75, 49, 113, 135, 64, 63, 10, 100, 77, 59, 59, 50, 48, 68, 44, 51, 40, 64, 61, 36, 138, 107, 68, 80, 15, 71, 75, 35, 31, 61, 49, 64, 64, 34, 96, 81, 18, 72, 86, 43, 34, 56, 33, 101, 41, 81, 90, 75, 37, 35, 39, 49]]
}